% Column 0: Length, cm
% Column 1: B.n, Tesla
0.00000000e+000	-1.54583055e+000	
2.09262205e-002	-1.56130698e+000	
4.18524410e-002	-1.57678329e+000	
6.27786614e-002	-1.57805010e+000	
8.37048819e-002	-1.57804802e+000	
1.04631102e-001	-1.57674415e+000	
1.25557323e-001	-1.57518534e+000	
1.46483543e-001	-1.57386191e+000	
1.67409764e-001	-1.57261506e+000	
1.88335984e-001	-1.56887002e+000	
2.09262205e-001	-1.56314939e+000	
2.30188425e-001	-1.55757409e+000	
2.51114646e-001	-1.55209981e+000	
2.72040866e-001	-1.54656238e+000	
2.92967087e-001	-1.54240047e+000	
3.13893307e-001	-1.53852498e+000	
3.34819528e-001	-1.53332894e+000	
3.55745748e-001	-1.52931788e+000	
3.76671969e-001	-1.52577399e+000	
3.97598189e-001	-1.52174654e+000	
4.18524410e-001	-1.51838675e+000	
4.39450630e-001	-1.51505156e+000	
4.60376851e-001	-1.51047666e+000	
4.81303071e-001	-1.50727425e+000	
5.02229292e-001	-1.50403818e+000	
5.23155512e-001	-1.50264351e+000	
5.44081733e-001	-1.50197984e+000	
5.65007953e-001	-1.49957649e+000	
5.85934173e-001	-1.49947293e+000	
6.06860394e-001	-1.49953297e+000	
6.27786614e-001	-1.49859665e+000	
6.48712835e-001	-1.49962458e+000	
6.69639055e-001	-1.50303676e+000	
6.90565276e-001	-1.50701070e+000	
7.11491496e-001	-1.48261237e+000	
7.32417717e-001	-1.44668840e+000	
7.53343937e-001	-1.19955951e+000	
7.74270158e-001	-7.83195533e-001	
7.95196378e-001	-5.30080957e-001	
8.16122599e-001	-4.47237854e-001	
8.37048819e-001	-3.64394752e-001	
8.57975040e-001	-2.81551649e-001	
8.78901260e-001	-2.65349188e-001	
8.99827481e-001	-3.70506560e-001	
9.20753701e-001	-4.75663932e-001	
9.41679922e-001	-5.80821305e-001	
9.62606142e-001	-7.57225373e-001	
9.83532363e-001	-1.20101371e+000	
1.00445858e+000	-1.48710765e+000	
1.02538480e+000	-1.49698803e+000	
1.04631102e+000	-1.50733602e+000	
1.06723724e+000	-1.50463558e+000	
1.08816347e+000	-1.50193515e+000	
1.10908969e+000	-1.50109404e+000	
1.13001591e+000	-1.50217820e+000	
1.15094213e+000	-1.50304052e+000	
1.17186835e+000	-1.50384234e+000	
1.19279457e+000	-1.50271972e+000	
1.21372079e+000	-1.50353677e+000	
1.23464701e+000	-1.50632578e+000	
1.25557323e+000	-1.50839945e+000	
1.27649945e+000	-1.51030278e+000	
1.29742567e+000	-1.51235015e+000	
1.31835189e+000	-1.51359462e+000	
1.33927811e+000	-1.51557126e+000	
1.36020433e+000	-1.51899489e+000	
1.38113055e+000	-1.52164316e+000	
1.40205677e+000	-1.52418794e+000	
1.42298299e+000	-1.52768775e+000	
1.44390921e+000	-1.53014240e+000	
1.46483543e+000	-1.53449296e+000	
1.48576165e+000	-1.54072276e+000	
1.50668787e+000	-1.54638316e+000	
1.52761410e+000	-1.55379203e+000	
1.54854032e+000	-1.57270295e+000	
1.56946654e+000	-1.59054997e+000	
1.59039276e+000	-1.59502156e+000	
1.61131898e+000	-1.59949315e+000	
1.63224520e+000	-1.60118096e+000	
1.65317142e+000	-1.60277723e+000	
1.67409764e+000	-1.60311427e+000	
1.69502386e+000	-1.60328936e+000	
1.71595008e+000	-1.59573718e+000	
1.73687630e+000	-1.58630456e+000	
1.75780252e+000	-1.58991069e+000	
1.77872874e+000	-1.59852271e+000	
1.79965496e+000	-1.60084802e+000	
1.82058118e+000	-1.59964011e+000	
1.84150740e+000	-1.59767287e+000	
1.86243362e+000	-1.59510478e+000	
1.88335984e+000	-1.59256372e+000	
1.90428606e+000	-1.59005241e+000	
1.92521228e+000	-1.58632479e+000	
1.94613850e+000	-1.57952091e+000	
1.96706473e+000	-1.57307065e+000	
1.98799095e+000	-1.56739851e+000	
2.00891717e+000	-1.56128103e+000	
2.02984339e+000	-1.55436764e+000	
2.05076961e+000	-1.55048969e+000	
2.07169583e+000	-1.54685634e+000	
2.09262205e+000	-1.54127123e+000	
2.11354827e+000	-1.53743492e+000	
2.13447449e+000	-1.53541323e+000	
2.15540071e+000	-1.53184451e+000	
2.17632693e+000	-1.53043119e+000	
2.19725315e+000	-1.52871418e+000	
2.21817937e+000	-1.52720622e+000	
2.23910559e+000	-1.52504799e+000	
2.26003181e+000	-1.52301896e+000	
2.28095803e+000	-1.52088498e+000	
2.30188425e+000	-1.51898105e+000	
2.32281047e+000	-1.51869042e+000	
2.34373669e+000	-1.51929140e+000	
2.36466291e+000	-1.51916805e+000	
2.38558913e+000	-1.51909530e+000	
2.40651536e+000	-1.52075611e+000	
2.42744158e+000	-1.52367362e+000	
2.44836780e+000	-1.52129354e+000	
2.46929402e+000	-1.51353837e+000	
2.49022024e+000	-1.41601874e+000	
2.51114646e+000	-1.07574324e+000	
2.53207268e+000	-6.80731886e-001	
2.55299890e+000	-5.68920469e-001	
2.57392512e+000	-4.57109051e-001	
2.59485134e+000	-3.45297634e-001	
2.61577756e+000	-2.50670268e-001	
2.63670378e+000	-3.30546607e-001	
2.65763000e+000	-4.10422945e-001	
2.67855622e+000	-4.90299284e-001	
2.69948244e+000	-5.70175622e-001	
2.72040866e+000	-9.58598749e-001	
2.74133488e+000	-1.24365007e+000	
2.76226110e+000	-1.29790893e+000	
2.78318732e+000	-1.31089322e+000	
2.80411354e+000	-1.31257196e+000	
2.82503977e+000	-1.30954715e+000	
2.84596599e+000	-1.30875816e+000	
2.86689221e+000	-1.30915593e+000	
2.88781843e+000	-1.30928959e+000	
2.90874465e+000	-1.30919942e+000	
2.92967087e+000	-1.30929727e+000	
2.95059709e+000	-1.30954005e+000	
2.97152331e+000	-1.31009784e+000	
2.99244953e+000	-1.31049297e+000	
3.01337575e+000	-1.31100618e+000	
3.03430197e+000	-1.31131093e+000	
3.05522819e+000	-1.31142775e+000	
3.07615441e+000	-1.31200131e+000	
3.09708063e+000	-1.31369282e+000	
3.11800685e+000	-1.31546607e+000	
3.13893307e+000	-1.31649533e+000	
3.15985929e+000	-1.31866669e+000	
3.18078551e+000	-1.31970146e+000	
3.20171173e+000	-1.32170404e+000	
3.22263795e+000	-1.32550197e+000	
3.24356417e+000	-1.32851376e+000	
3.26449040e+000	-1.33146905e+000	
3.28541662e+000	-1.33819982e+000	
3.30634284e+000	-1.34557517e+000	
3.32726906e+000	-1.34787703e+000	
3.34819528e+000	-1.34920812e+000	
3.36912150e+000	-1.34977101e+000	
3.39004772e+000	-1.34998941e+000	
3.41097394e+000	-1.35055083e+000	
3.43190016e+000	-1.35133309e+000	
3.45282638e+000	-1.34872232e+000	
3.47375260e+000	-1.34306023e+000	
3.49467882e+000	-1.34464121e+000	
3.51560504e+000	-1.35531440e+000	
3.53653126e+000	-1.36241630e+000	
3.55745748e+000	-1.36323511e+000	
3.57838370e+000	-1.36287114e+000	
3.59930992e+000	-1.35947425e+000	
3.62023614e+000	-1.35606394e+000	
3.64116236e+000	-1.35259974e+000	
3.66208858e+000	-1.34969702e+000	
3.68301480e+000	-1.34718088e+000	
3.70394103e+000	-1.34466056e+000	
3.72486725e+000	-1.34202374e+000	
3.74579347e+000	-1.33938691e+000	
3.76671969e+000	-1.33057361e+000	
3.78764591e+000	-1.32318858e+000	
3.80857213e+000	-1.31870585e+000	
3.82949835e+000	-1.31324254e+000	
3.85042457e+000	-1.30857779e+000	
3.87135079e+000	-1.30595037e+000	
3.89227701e+000	-1.30250927e+000	
3.91320323e+000	-1.29898253e+000	
3.93412945e+000	-1.29612228e+000	
3.95505567e+000	-1.29285722e+000	
3.97598189e+000	-1.28968640e+000	
3.99690811e+000	-1.28711080e+000	
4.01783433e+000	-1.28433285e+000	
4.03876055e+000	-1.28280955e+000	
4.05968677e+000	-1.28224195e+000	
4.08061299e+000	-1.28123879e+000	
4.10153921e+000	-1.28015000e+000	
4.12246543e+000	-1.27912056e+000	
4.14339166e+000	-1.27866063e+000	
4.16431788e+000	-1.27750879e+000	
4.18524410e+000	-1.27573618e+000	
4.20617032e+000	-1.27501639e+000	
4.22709654e+000	-1.27052976e+000	
4.24802276e+000	-1.19246674e+000	
4.26894898e+000	-7.45462112e-001	
4.28987520e+000	-5.99460556e-001	
4.31080142e+000	-4.62990775e-001	
4.33172764e+000	-3.26520994e-001	
4.35265386e+000	-1.90051213e-001	
4.37358008e+000	-1.75640219e-001	
4.39450630e+000	-1.94866920e-001	
4.41543252e+000	-2.14093620e-001	
4.43635874e+000	-2.33320320e-001	
4.45728496e+000	-3.99535491e-001	
4.47821118e+000	-7.42426455e-001	
4.49913740e+000	-9.65572146e-001	
4.52006362e+000	-1.04508007e+000	
4.54098984e+000	-1.09008668e+000	
4.56191607e+000	-1.09648037e+000	
4.58284229e+000	-1.10654102e+000	
4.60376851e+000	-1.12242695e+000	
4.62469473e+000	-1.13715252e+000	
4.64562095e+000	-1.14843043e+000	
4.66654717e+000	-1.16104563e+000	
4.68747339e+000	-1.17626570e+000	
4.70839961e+000	-1.18440927e+000	
4.72932583e+000	-1.19491095e+000	
4.75025205e+000	-1.20589842e+000	
4.77117827e+000	-1.21750950e+000	
4.79210449e+000	-1.22919183e+000	
4.81303071e+000	-1.24381978e+000	
4.83395693e+000	-1.25559896e+000	
4.85488315e+000	-1.26800950e+000	
4.87580937e+000	-1.28004321e+000	
4.89673559e+000	-1.29349369e+000	
4.91766181e+000	-1.30618837e+000	
4.93858803e+000	-1.31949865e+000	
4.95951425e+000	-1.33701237e+000	
4.98044047e+000	-1.35117398e+000	
5.00136670e+000	-1.36273407e+000	
5.02229292e+000	-1.36370497e+000	
5.04321914e+000	-1.35689450e+000	
5.06414536e+000	-1.34664776e+000	
5.08507158e+000	-1.33347173e+000	
5.10599780e+000	-1.31479966e+000	
5.12692402e+000	-1.28829904e+000	
5.14785024e+000	-1.26145571e+000	
5.16877646e+000	-1.23392021e+000	
5.18970268e+000	-1.20892866e+000	
5.21062890e+000	-1.19162784e+000	
5.23155512e+000	-1.17907707e+000	
5.25248134e+000	-1.19034819e+000	
5.27340756e+000	-1.20227016e+000	
5.29433378e+000	-1.22120859e+000	
5.31526000e+000	-1.24014846e+000	
5.33618622e+000	-1.25975402e+000	
5.35711244e+000	-1.27935957e+000	
5.37803866e+000	-1.29628562e+000	
5.39896488e+000	-1.31298082e+000	
5.41989110e+000	-1.32301051e+000	
5.44081733e+000	-1.33186577e+000	
5.46174355e+000	-1.33595275e+000	
5.48266977e+000	-1.33850892e+000	
5.50359599e+000	-1.34090995e+000	
5.52452221e+000	-1.34255671e+000	
5.54544843e+000	-1.34573544e+000	
5.56637465e+000	-1.35333095e+000	
5.58730087e+000	-1.36187882e+000	
5.60822709e+000	-1.37064710e+000	
5.62915331e+000	-1.36792892e+000	
5.65007953e+000	-1.34643673e+000	
5.67100575e+000	-1.32307729e+000	
5.69193197e+000	-1.30951314e+000	
5.71285819e+000	-1.30247104e+000	
5.73378441e+000	-1.29315033e+000	
5.75471063e+000	-1.28466160e+000	
5.77563685e+000	-1.27317240e+000	
5.79656307e+000	-1.25624838e+000	
5.81748929e+000	-1.24724601e+000	
5.83841551e+000	-1.23834058e+000	
5.85934173e+000	-1.23431597e+000	
5.88026796e+000	-1.23943622e+000	
5.90119418e+000	-1.25279883e+000	
5.92212040e+000	-1.26669722e+000	
5.94304662e+000	-1.29987050e+000	
5.96397284e+000	-1.33802115e+000	
5.98489906e+000	-1.34208858e+000	
6.00582528e+000	-1.16025423e+000	
6.02675150e+000	-9.22515338e-001	
6.04767772e+000	-6.88518550e-001	
6.06860394e+000	-5.29350907e-001	
6.08953016e+000	-4.18070963e-001	
6.11045638e+000	-3.40399947e-001	
6.13138260e+000	-3.01873222e-001	
6.15230882e+000	-2.62348200e-001	
6.17323504e+000	-2.21585256e-001	
6.19416126e+000	-1.97096574e-001	
6.21508748e+000	-2.02441039e-001	
6.23601370e+000	-2.10273318e-001	
6.25693992e+000	-2.17147490e-001	
6.27786614e+000	-2.23947642e-001	
6.29879237e+000	-2.30385871e-001	
6.31971859e+000	-2.37071307e-001	
6.34064481e+000	-2.45568459e-001	
6.36157103e+000	-2.53439145e-001	
6.38249725e+000	-2.55730819e-001	
6.40342347e+000	-2.58022494e-001	
6.42434969e+000	-2.61501770e-001	
6.44527591e+000	-2.68194549e-001	
6.46620213e+000	-2.75172576e-001	
6.48712835e+000	-2.82031602e-001	
6.50805457e+000	-2.89733497e-001	
6.52898079e+000	-2.96554560e-001	
6.54990701e+000	-3.04463568e-001	
6.57083323e+000	-3.11682225e-001	
6.59175945e+000	-3.18908986e-001	
6.61268567e+000	-3.26955481e-001	
6.63361189e+000	-3.34771999e-001	
6.65453811e+000	-3.43168832e-001	
6.67546433e+000	-3.51464930e-001	
6.69639055e+000	-3.60299665e-001	
6.71731677e+000	-3.70703602e-001	
6.73824300e+000	-3.79931198e-001	
6.75916922e+000	-3.88709415e-001	
6.78009544e+000	-3.96432401e-001	
6.80102166e+000	-4.03413255e-001	
6.82194788e+000	-4.08646982e-001	
6.84287410e+000	-4.14320734e-001	
6.86380032e+000	-4.22820198e-001	
6.88472654e+000	-4.31182475e-001	
6.90565276e+000	-4.37084593e-001	
6.92657898e+000	-4.42986712e-001	
6.94750520e+000	-4.58274932e-001	
6.96843142e+000	-4.73845849e-001	
6.98935764e+000	-4.91672764e-001	
7.01028386e+000	-5.10100687e-001	
7.03121008e+000	-5.26002057e-001	
7.05213630e+000	-5.41299588e-001	
7.07306252e+000	-5.58137358e-001	
7.09398874e+000	-5.75558580e-001	
7.11491496e+000	-5.85826078e-001	
7.13584118e+000	-5.92123109e-001	
7.15676740e+000	-5.98403734e-001	
7.17769363e+000	-6.04428279e-001	
7.19861985e+000	-6.08938619e-001	
7.21954607e+000	-6.11803011e-001	
7.24047229e+000	-6.15209799e-001	
7.26139851e+000	-6.21161987e-001	
7.28232473e+000	-6.29925514e-001	
7.30325095e+000	-6.37770564e-001	
7.32417717e+000	-6.44983629e-001	
7.34510339e+000	-6.52364094e-001	
7.36602961e+000	-6.59065263e-001	
7.38695583e+000	-6.66764317e-001	
7.40788205e+000	-6.73496168e-001	
7.42880827e+000	-6.80898209e-001	
7.44973449e+000	-6.87232531e-001	
7.47066071e+000	-6.93995705e-001	
7.49158693e+000	-7.01047079e-001	
7.51251315e+000	-7.06502272e-001	
7.53343937e+000	-7.13962193e-001	
7.55436559e+000	-7.19220496e-001	
7.57529181e+000	-7.23943144e-001	
7.59621803e+000	-7.30116892e-001	
7.61714426e+000	-7.34869202e-001	
7.63807048e+000	-7.45447823e-001	
7.65899670e+000	-7.59456337e-001	
7.67992292e+000	-7.92071448e-001	
7.70084914e+000	-8.39813297e-001	
7.72177536e+000	-9.12719923e-001	
7.74270158e+000	-8.30062472e-001	
7.76362780e+000	-5.92030116e-001	
7.78455402e+000	-4.41603157e-001	
7.80548024e+000	-2.91176198e-001	
7.82640646e+000	-1.40749240e-001	
7.84733268e+000	2.22903478e-002	
7.86825890e+000	1.88337405e-001	
7.88918512e+000	3.54384462e-001	
7.91011134e+000	5.20431519e-001	
7.93103756e+000	7.01497749e-001	
7.95196378e+000	1.02207897e+000	
7.97289000e+000	9.36365056e-001	
7.99381622e+000	8.60240500e-001	
8.01474244e+000	7.84115944e-001	
8.03566867e+000	7.57503604e-001	
8.05659489e+000	7.33583749e-001	
8.07752111e+000	7.32331904e-001	
8.09844733e+000	7.37866918e-001	
8.11937355e+000	7.35495024e-001	
8.14029977e+000	7.30404431e-001	
8.16122599e+000	7.18324760e-001	
8.18215221e+000	7.05796772e-001	
8.20307843e+000	6.94080738e-001	
8.22400465e+000	6.82827652e-001	
8.24493087e+000	6.73083888e-001	
8.26585709e+000	6.63695505e-001	
8.28678331e+000	6.53837601e-001	
8.30770953e+000	6.43407497e-001	
8.32863575e+000	6.33758796e-001	
8.34956197e+000	6.24307081e-001	
8.37048819e+000	6.13880474e-001	
8.39141441e+000	6.04251164e-001	
8.41234063e+000	5.93013836e-001	
8.43326685e+000	5.82829541e-001	
8.45419307e+000	5.70529730e-001	
8.47511930e+000	5.59982422e-001	
8.49604552e+000	5.49455604e-001	
8.51697174e+000	5.39881722e-001	
8.53789796e+000	5.30307841e-001	
8.55882418e+000	5.24318641e-001	
8.57975040e+000	5.18683840e-001	
8.60067662e+000	5.08845251e-001	
8.62160284e+000	4.98304832e-001	
8.64252906e+000	4.89965781e-001	
8.66345528e+000	4.82265943e-001	
8.68438150e+000	4.73364688e-001	
8.70530772e+000	4.63931395e-001	
8.72623394e+000	4.58667129e-001	
8.74716016e+000	4.55892856e-001	
8.76808638e+000	4.50648824e-001	
8.78901260e+000	4.43205831e-001	
8.80993882e+000	4.32740460e-001	
8.83086504e+000	4.18539923e-001	
8.85179126e+000	4.07089567e-001	
8.87271748e+000	4.00417875e-001	
8.89364370e+000	3.93199526e-001	
8.91456993e+000	3.83790076e-001	
8.93549615e+000	3.74133549e-001	
8.95642237e+000	3.63496156e-001	
8.97734859e+000	3.52606085e-001	
8.99827481e+000	3.40109354e-001	
9.01920103e+000	3.30535382e-001	
9.04012725e+000	3.19285452e-001	
9.06105347e+000	3.09609129e-001	
9.08197969e+000	2.97464418e-001	
9.10290591e+000	2.87605942e-001	
9.12383213e+000	2.77178423e-001	
9.14475835e+000	2.65979197e-001	
9.16568457e+000	2.54263250e-001	
9.18661079e+000	2.41790188e-001	
9.20753701e+000	2.30316535e-001	
9.22846323e+000	2.18272322e-001	
9.24938945e+000	2.06937969e-001	
9.27031567e+000	1.93574281e-001	
9.29124189e+000	1.80546686e-001	
9.31216811e+000	1.69362744e-001	
9.33309433e+000	1.54252012e-001	
9.35402056e+000	1.38862897e-001	
9.37494678e+000	1.29725633e-001	
9.39587300e+000	1.21300629e-001	
9.41679922e+000	1.08961348e-001	
9.43772544e+000	8.67868860e-002	
9.45865166e+000	6.24779548e-002	
9.47957788e+000	4.67184177e-002	
9.50050410e+000	1.08148274e-001	
9.52143032e+000	1.81349374e-001	
9.54235654e+000	2.54550473e-001	
9.56328276e+000	3.27751572e-001	
9.58420898e+000	4.00952671e-001	
9.60513520e+000	5.64788015e-001	
9.62606142e+000	7.24593146e-001	
9.64698764e+000	8.84398276e-001	
9.66791386e+000	1.04420341e+000	
9.68884008e+000	1.37356361e+000	
9.70976630e+000	1.48244137e+000	
9.73069252e+000	1.43188474e+000	
9.75161874e+000	1.35105671e+000	
9.77254497e+000	1.29991406e+000	
9.79347119e+000	1.26140512e+000	
9.81439741e+000	1.24076835e+000	
9.83532363e+000	1.24173787e+000	
9.85624985e+000	1.24611398e+000	
9.87717607e+000	1.24652910e+000	
9.89810229e+000	1.23950880e+000	
9.91902851e+000	1.22707826e+000	
9.93995473e+000	1.22875178e+000	
9.96088095e+000	1.23495098e+000	
9.98180717e+000	1.23931523e+000	
1.00027334e+001	1.24371061e+000	
1.00236596e+001	1.24871325e+000	
1.00445858e+001	1.25442004e+000	
1.00655121e+001	1.26053344e+000	
1.00864383e+001	1.26593665e+000	
1.01073645e+001	1.27140820e+000	
1.01282907e+001	1.28241300e+000	
1.01492169e+001	1.28857566e+000	
1.01701432e+001	1.30218687e+000	
1.01910694e+001	1.31808033e+000	
1.02119956e+001	1.32733672e+000	
1.02329218e+001	1.33513551e+000	
1.02538480e+001	1.35165200e+000	
1.02747743e+001	1.37118425e+000	
1.02957005e+001	1.37927566e+000	
1.03166267e+001	1.38192439e+000	
1.03375529e+001	1.37552722e+000	
1.03584791e+001	1.36255685e+000	
1.03794054e+001	1.34528767e+000	
1.04003316e+001	1.32367164e+000	
1.04212578e+001	1.29523796e+000	
1.04421840e+001	1.25720725e+000	
1.04631102e+001	1.22945083e+000	
1.04840365e+001	1.22064005e+000	
1.05049627e+001	1.21412770e+000	
1.05258889e+001	1.21445574e+000	
1.05468151e+001	1.21451369e+000	
1.05677413e+001	1.21324725e+000	
1.05886676e+001	1.21190346e+000	
1.06095938e+001	1.20975397e+000	
1.06305200e+001	1.20810529e+000	
1.06514462e+001	1.20549856e+000	
1.06723724e+001	1.20289183e+000	
1.06932987e+001	1.20052905e+000	
1.07142249e+001	1.19818648e+000	
1.07351511e+001	1.19526247e+000	
1.07560773e+001	1.19211275e+000	
1.07770035e+001	1.18990039e+000	
1.07979298e+001	1.18759654e+000	
1.08188560e+001	1.18491846e+000	
1.08397822e+001	1.18226573e+000	
1.08607084e+001	1.17850571e+000	
1.08816347e+001	1.17324866e+000	
1.09025609e+001	1.16885058e+000	
1.09234871e+001	1.16561489e+000	
1.09444133e+001	1.16219850e+000	
1.09653395e+001	1.15837911e+000	
1.09862658e+001	1.15232592e+000	
1.10071920e+001	1.14339246e+000	
1.10281182e+001	1.13460433e+000	
1.10490444e+001	1.12848758e+000	
1.10699706e+001	1.12196161e+000	
1.10908969e+001	1.11420479e+000	
1.11118231e+001	1.10530315e+000	
1.11327493e+001	1.05826250e+000	
1.11536755e+001	1.00773196e+000	
1.11746017e+001	7.20438154e-001	
1.11955280e+001	4.33144349e-001	
1.12164542e+001	1.53556725e-001	
1.12373804e+001	8.12794951e-002	
1.12583066e+001	7.54371535e-002	
1.12792328e+001	7.67260478e-002	
1.13001591e+001	7.80149422e-002	
1.13210853e+001	7.93038365e-002	
1.13420115e+001	1.29455516e-001	
1.13629377e+001	1.95450644e-001	
1.13838639e+001	3.97319917e-001	
1.14047902e+001	6.85163047e-001	
1.14257164e+001	1.00035556e+000	
1.14466426e+001	1.18989611e+000	
1.14675688e+001	1.21212489e+000	
1.14884950e+001	1.22058425e+000	
1.15094213e+001	1.22741915e+000	
1.15303475e+001	1.22981897e+000	
1.15512737e+001	1.23149483e+000	
1.15721999e+001	1.23202013e+000	
1.15931261e+001	1.23449392e+000	
1.16140524e+001	1.23648088e+000	
1.16349786e+001	1.23834019e+000	
1.16559048e+001	1.23945148e+000	
1.16768310e+001	1.24296465e+000	
1.16977572e+001	1.24571687e+000	
1.17186835e+001	1.24952329e+000	
1.17396097e+001	1.25384825e+000	
1.17605359e+001	1.25682377e+000	
1.17814621e+001	1.26070300e+000	
1.18023884e+001	1.26552217e+000	
1.18233146e+001	1.26953486e+000	
1.18442408e+001	1.27458881e+000	
1.18651670e+001	1.28018451e+000	
1.18860932e+001	1.28576388e+000	
1.19070195e+001	1.29500146e+000	
1.19279457e+001	1.30544296e+000	
1.19488719e+001	1.31068643e+000	
1.19697981e+001	1.31219500e+000	
1.19907243e+001	1.31642435e+000	
1.20116506e+001	1.32378047e+000	
1.20325768e+001	1.33037946e+000	
1.20535030e+001	1.33683105e+000	
1.20744292e+001	1.34249173e+000	
1.20953554e+001	1.34631950e+000	
1.21162817e+001	1.34877209e+000	
1.21372079e+001	1.34633166e+000	
1.21581341e+001	1.34236416e+000	
1.21790603e+001	1.32882840e+000	
1.21999865e+001	1.31624427e+000	
1.22209128e+001	1.31729850e+000	
1.22418390e+001	1.31835273e+000	
1.22627652e+001	1.31774408e+000	
1.22836914e+001	1.31708966e+000	
1.23046176e+001	1.31764957e+000	
1.23255439e+001	1.31835702e+000	
1.23464701e+001	1.31905876e+000	
1.23673963e+001	1.31975911e+000	
1.23883225e+001	1.31983998e+000	
1.24092487e+001	1.31905252e+000	
1.24301750e+001	1.31826939e+000	
1.24511012e+001	1.31748873e+000	
1.24720274e+001	1.31696305e+000	
1.24929536e+001	1.31670433e+000	
1.25138798e+001	1.31611805e+000	
1.25348061e+001	1.31533713e+000	
1.25557323e+001	1.31498731e+000	
1.25766585e+001	1.31489264e+000	
1.25975847e+001	1.31502278e+000	
1.26185110e+001	1.31483105e+000	
1.26394372e+001	1.31448679e+000	
1.26603634e+001	1.31443226e+000	
1.26812896e+001	1.31429323e+000	
1.27022158e+001	1.31430097e+000	
1.27231421e+001	1.31468843e+000	
1.27440683e+001	1.31518229e+000	
1.27649945e+001	1.31555720e+000	
1.27859207e+001	1.31601724e+000	
1.28068469e+001	1.31647811e+000	
1.28277732e+001	1.31609007e+000	
1.28486994e+001	1.31620287e+000	
1.28696256e+001	1.31956859e+000	
1.28905518e+001	1.32359908e+000	
1.29114780e+001	1.28048188e+000	
1.29324043e+001	1.22221162e+000	
1.29533305e+001	9.47716690e-001	
1.29742567e+001	5.94554187e-001	
1.29951829e+001	4.25706308e-001	
1.30161091e+001	3.76207511e-001	
1.30370354e+001	3.26708714e-001	
1.30579616e+001	2.77209917e-001	
1.30788878e+001	3.08116006e-001	
1.30998140e+001	4.52326837e-001	
1.31207402e+001	5.96537667e-001	
1.31416665e+001	7.40748498e-001	
1.31625927e+001	9.65644990e-001	
1.31835189e+001	1.35875438e+000	
1.32044451e+001	1.46780358e+000	
1.32253713e+001	1.46563325e+000	
1.32462976e+001	1.46448065e+000	
1.32672238e+001	1.46455421e+000	
1.32881500e+001	1.46462064e+000	
1.33090762e+001	1.46368309e+000	
1.33300024e+001	1.46523328e+000	
1.33509287e+001	1.46645493e+000	
1.33718549e+001	1.46764265e+000	
1.33927811e+001	1.46664503e+000	
1.34137073e+001	1.46826464e+000	
1.34346335e+001	1.47143329e+000	
1.34555598e+001	1.47383504e+000	
1.34764860e+001	1.47655869e+000	
1.34974122e+001	1.47899781e+000	
1.35183384e+001	1.48056897e+000	
1.35392647e+001	1.48328518e+000	
1.35601909e+001	1.48684429e+000	
1.35811171e+001	1.49003840e+000	
1.36020433e+001	1.49432840e+000	
1.36229695e+001	1.49919493e+000	
1.36438958e+001	1.50617486e+000	
1.36648220e+001	1.52067497e+000	
1.36857482e+001	1.53345638e+000	
1.37066744e+001	1.53549857e+000	
1.37276006e+001	1.54037527e+000	
1.37485269e+001	1.55753443e+000	
1.37694531e+001	1.57393374e+000	
1.37903793e+001	1.58531681e+000	
1.38113055e+001	1.59659473e+000	
1.38322317e+001	1.60353719e+000	
1.38531580e+001	1.61047966e+000	
1.38740842e+001	1.61038239e+000	
1.38950104e+001	1.60984889e+000	
1.39159366e+001	1.59954516e+000	
1.39368628e+001	1.58764885e+000	
1.39577891e+001	1.59038063e+000	
1.39787153e+001	1.59721623e+000	
1.39996415e+001	1.59806937e+000	
1.40205677e+001	1.59630633e+000	
1.40414939e+001	1.59464221e+000	
1.40624202e+001	1.59304020e+000	
1.40833464e+001	1.59144377e+000	
1.41042726e+001	1.58985225e+000	
1.41251988e+001	1.58766429e+000	
1.41461250e+001	1.58355514e+000	
1.41670513e+001	1.57947972e+000	
1.41879775e+001	1.57546222e+000	
1.42089037e+001	1.57097246e+000	
1.42298299e+001	1.56602870e+000	
1.42507561e+001	1.56328393e+000	
1.42716824e+001	1.56029112e+000	
1.42926086e+001	1.55677897e+000	
1.43135348e+001	1.55400055e+000	
1.43344610e+001	1.55135955e+000	
1.43553873e+001	1.54819192e+000	
1.43763135e+001	1.54663434e+000	
1.43972397e+001	1.54407311e+000	
1.44181659e+001	1.54204217e+000	
1.44390921e+001	1.54011114e+000	
1.44600184e+001	1.53923257e+000	
1.44809446e+001	1.53829122e+000	
1.45018708e+001	1.53640461e+000	
1.45227970e+001	1.53515990e+000	
1.45437232e+001	1.53435029e+000	
1.45646495e+001	1.53322799e+000	
1.45855757e+001	1.53281671e+000	
1.46065019e+001	1.53486037e+000	
1.46274281e+001	1.53841195e+000	
1.46483543e+001	1.52809440e+000	
1.46692806e+001	1.50387701e+000	
1.46902068e+001	1.33983417e+000	
1.47111330e+001	9.35169262e-001	
1.47320592e+001	6.01129549e-001	
1.47529854e+001	5.04384381e-001	
1.47739117e+001	4.07639214e-001	
1.47948379e+001	3.10894046e-001	
1.48157641e+001	2.45166506e-001	
1.48366903e+001	3.55149257e-001	
1.48576165e+001	4.65132007e-001	
1.48785428e+001	5.75114758e-001	
1.48994690e+001	6.85097508e-001	
1.49203952e+001	1.13611112e+000	
1.49413214e+001	1.41846596e+000	
1.49622476e+001	1.45244778e+000	
1.49831739e+001	1.45819882e+000	
1.50041001e+001	1.45869407e+000	
1.50250263e+001	1.45690761e+000	
1.50459525e+001	1.45710513e+000	
1.50668787e+001	1.45697822e+000	
1.50878050e+001	1.45743765e+000	
1.51087312e+001	1.45847887e+000	
1.51296574e+001	1.46021587e+000	
1.51505836e+001	1.46119950e+000	
1.51715098e+001	1.46135542e+000	
1.51924361e+001	1.46275428e+000	
1.52133623e+001	1.46616912e+000	
1.52342885e+001	1.46980291e+000	
1.52552147e+001	1.47308409e+000	
1.52761410e+001	1.47575720e+000	
1.52970672e+001	1.48044430e+000	
1.53179934e+001	1.48486525e+000	
1.53389196e+001	1.48833688e+000	
1.53598458e+001	1.49403460e+000	
1.53807721e+001	1.49772969e+000	
1.54016983e+001	1.50258718e+000	
1.54226245e+001	1.51113886e+000	
1.54435507e+001	1.51919291e+000	
1.54644769e+001	1.52724306e+000	
1.54854032e+001	1.55321410e+000	
1.55063294e+001	1.58096331e+000	
1.55272556e+001	1.59052580e+000	
1.55481818e+001	1.59655344e+000	
1.55691080e+001	1.59935908e+000	
1.55900343e+001	1.60106732e+000	
1.56109605e+001	1.60190810e+000	
1.56318867e+001	1.60230953e+000	
1.56528129e+001	1.59714178e+000	
1.56737391e+001	1.58797526e+000	
1.56946654e+001	1.58792250e+000	
1.57155916e+001	1.59694991e+000	
1.57365178e+001	1.60164282e+000	
1.57574440e+001	1.60030014e+000	
1.57783702e+001	1.59844492e+000	
1.57992965e+001	1.59557710e+000	
1.58202227e+001	1.59270560e+000	
1.58411489e+001	1.58982336e+000	
1.58620751e+001	1.58663394e+000	
1.58830013e+001	1.57913541e+000	
1.59039276e+001	1.57171928e+000	
1.59248538e+001	1.56513420e+000	
1.59457800e+001	1.55852932e+000	
1.59667062e+001	1.54958004e+000	
1.59876324e+001	1.54481229e+000	
1.60085587e+001	1.53976755e+000	
1.60294849e+001	1.53309826e+000	
1.60504111e+001	1.52830368e+000	
1.60713373e+001	1.52408893e+000	
1.60922636e+001	1.51920799e+000	
1.61131898e+001	1.51539486e+000	
1.61341160e+001	1.51088826e+000	
1.61550422e+001	1.50633577e+000	
1.61759684e+001	1.50218712e+000	
1.61968947e+001	1.49926146e+000	
1.62178209e+001	1.49704192e+000	
1.62387471e+001	1.49472061e+000	
1.62596733e+001	1.49293237e+000	
1.62805995e+001	1.49271798e+000	
1.63015258e+001	1.49200351e+000	
1.63224520e+001	1.49118684e+000	
1.63433782e+001	1.49244056e+000	
1.63643044e+001	1.49442412e+000	
1.63852306e+001	1.49387187e+000	
1.64061569e+001	1.48705526e+000	
1.64270831e+001	1.45296538e+000	
1.64480093e+001	1.17582446e+000	
1.64689355e+001	6.92608456e-001	
1.64898617e+001	5.84046822e-001	
1.65107880e+001	4.75485188e-001	
1.65317142e+001	3.66923553e-001	
1.65526404e+001	2.58361919e-001	
1.65735666e+001	3.56693237e-001	
1.65944928e+001	4.90312617e-001	
1.66154191e+001	6.23931997e-001	
1.66363453e+001	7.57551377e-001	
1.66572715e+001	1.06261568e+000	
1.66781977e+001	1.35934572e+000	
1.66991239e+001	1.46560275e+000	
1.67200502e+001	1.47988660e+000	
1.67409764e+001	1.48984901e+000	
1.67619026e+001	1.49471321e+000	
1.67828288e+001	1.49833830e+000	
1.68037550e+001	1.49984965e+000	
1.68246813e+001	1.50042780e+000	
1.68456075e+001	1.50090354e+000	
1.68665337e+001	1.50057890e+000	
1.68874599e+001	1.49924636e+000	
1.69083861e+001	1.50150826e+000	
1.69293124e+001	1.50409647e+000	
1.69502386e+001	1.50575665e+000	
1.69711648e+001	1.50720665e+000	
1.69920910e+001	1.50830563e+000	
1.70130173e+001	1.50866664e+000	
1.70339435e+001	1.51094818e+000	
1.70548697e+001	1.51421111e+000	
1.70757959e+001	1.51640972e+000	
1.70967221e+001	1.51947803e+000	
1.71176484e+001	1.52146922e+000	
1.71385746e+001	1.52628682e+000	
1.71595008e+001	1.53252241e+000	
1.71804270e+001	1.53617996e+000	
1.72013532e+001	1.53872248e+000	
1.72222795e+001	1.55178736e+000	
1.72432057e+001	1.57098064e+000	
1.72641319e+001	1.58172456e+000	
1.72850581e+001	1.58624039e+000	
1.73059843e+001	1.58913334e+000	
1.73269106e+001	1.59018271e+000	
1.73478368e+001	1.59077900e+000	
1.73687630e+001	1.59065459e+000	
1.73896892e+001	1.58839959e+000	
1.74106154e+001	1.58127439e+000	
1.74315417e+001	1.57883937e+000	
1.74524679e+001	1.59301077e+000	
1.74733941e+001	1.60528360e+000	
1.74943203e+001	1.60591352e+000	
1.75152465e+001	1.60622617e+000	
1.75361728e+001	1.60141797e+000	
1.75570990e+001	1.59660976e+000	
1.75780252e+001	1.59168536e+000	
1.75989514e+001	1.58675821e+000	
1.76198776e+001	1.58330483e+000	
1.76408039e+001	1.57947539e+000	
1.76617301e+001	1.57593956e+000	
1.76826563e+001	1.57247151e+000	
1.77035825e+001	1.56299649e+000	
1.77245087e+001	1.55315523e+000	
1.77454350e+001	1.54743805e+000	
1.77663612e+001	1.54178067e+000	
1.77872874e+001	1.53592450e+000	
1.78082136e+001	1.53236189e+000	
1.78291399e+001	1.52896962e+000	
1.78500661e+001	1.52507765e+000	
1.78709923e+001	1.52212875e+000	
1.78919185e+001	1.51867020e+000	
1.79128447e+001	1.51500018e+000	
1.79337710e+001	1.51240214e+000	
1.79546972e+001	1.51028663e+000	
1.79756234e+001	1.50799834e+000	
1.79965496e+001	1.50582465e+000	
1.80174758e+001	1.50572680e+000	
1.80384021e+001	1.50552543e+000	
1.80593283e+001	1.50408586e+000	
1.80802545e+001	1.50374755e+000	
1.81011807e+001	1.50367187e+000	
1.81221069e+001	1.50359799e+000	
1.81430332e+001	1.50554580e+000	
1.81639594e+001	1.50862178e+000	
1.81848856e+001	1.40136228e+000	
1.82058118e+001	9.78955419e-001	
1.82267380e+001	7.46627746e-001	
1.82476643e+001	6.05235753e-001	
1.82685905e+001	4.63843760e-001	
1.82895167e+001	3.22451767e-001	
1.83104429e+001	2.96162023e-001	
1.83313691e+001	3.49591631e-001	
1.83522954e+001	4.03021240e-001	
1.83732216e+001	4.56450848e-001	
1.83941478e+001	6.31311168e-001	
1.84150740e+001	9.81723874e-001	
1.84360002e+001	1.23969478e+000	
1.84569265e+001	1.29188150e+000	
1.84778527e+001	1.33045780e+000	
1.84987789e+001	1.32634767e+000	
1.85197051e+001	1.32272467e+000	
1.85406313e+001	1.32154522e+000	
1.85615576e+001	1.32117143e+000	
1.85824838e+001	1.32063748e+000	
1.86034100e+001	1.32010481e+000	
1.86243362e+001	1.31970365e+000	
1.86452624e+001	1.31947448e+000	
1.86661887e+001	1.31953680e+000	
1.86871149e+001	1.31965402e+000	
1.87080411e+001	1.31960040e+000	
1.87289673e+001	1.31895046e+000	
1.87498936e+001	1.31851376e+000	
1.87708198e+001	1.31910628e+000	
1.87917460e+001	1.32033644e+000	
1.88126722e+001	1.32120922e+000	
1.88335984e+001	1.32217018e+000	
1.88545247e+001	1.32355206e+000	
1.88754509e+001	1.32478396e+000	
1.88963771e+001	1.32615638e+000	
1.89173033e+001	1.32787167e+000	
1.89382295e+001	1.32951199e+000	
1.89591558e+001	1.33215852e+000	
1.89800820e+001	1.33663985e+000	
1.90010082e+001	1.33949246e+000	
1.90219344e+001	1.33957373e+000	
1.90428606e+001	1.33949825e+000	
1.90637869e+001	1.33875627e+000	
1.90847131e+001	1.33818936e+000	
1.91056393e+001	1.33906336e+000	
1.91265655e+001	1.33988472e+000	
1.91474917e+001	1.33879242e+000	
1.91684180e+001	1.33770013e+000	
1.91893442e+001	1.34938635e+000	
1.92102704e+001	1.36197318e+000	
1.92311966e+001	1.36626298e+000	
1.92521228e+001	1.36922845e+000	
1.92730491e+001	1.36689871e+000	
1.92939753e+001	1.36308076e+000	
1.93149015e+001	1.35885239e+000	
1.93358277e+001	1.35444687e+000	
1.93567539e+001	1.35123033e+000	
1.93776802e+001	1.34796105e+000	
1.93986064e+001	1.34541937e+000	
1.94195326e+001	1.34351088e+000	
1.94404588e+001	1.33913132e+000	
1.94613850e+001	1.33119353e+000	
1.94823113e+001	1.32358984e+000	
1.95032375e+001	1.31803912e+000	
1.95241637e+001	1.31263458e+000	
1.95450899e+001	1.30778151e+000	
1.95660162e+001	1.30489252e+000	
1.95869424e+001	1.30042922e+000	
1.96078686e+001	1.29603413e+000	
1.96287948e+001	1.29339569e+000	
1.96497210e+001	1.28935489e+000	
1.96706473e+001	1.28573021e+000	
1.96915735e+001	1.28323605e+000	
1.97124997e+001	1.27972488e+000	
1.97334259e+001	1.27790651e+000	
1.97543521e+001	1.27610849e+000	
1.97752784e+001	1.27429675e+000	
1.97962046e+001	1.27204598e+000	
1.98171308e+001	1.27139685e+000	
1.98380570e+001	1.26979679e+000	
1.98589832e+001	1.26759827e+000	
1.98799095e+001	1.26161154e+000	
1.99008357e+001	1.25442742e+000	
1.99217619e+001	1.23021841e+000	
1.99426881e+001	1.03452044e+000	
1.99636143e+001	7.14507866e-001	
1.99845406e+001	4.25005803e-001	
2.00054668e+001	2.22502967e-001	
2.00263930e+001	1.57494307e-001	
2.00473192e+001	1.12132337e-001	
2.00682454e+001	1.19779205e-001	
2.00891717e+001	1.27426072e-001	
2.01100979e+001	1.35072939e-001	
2.01310241e+001	1.51577907e-001	
2.01519503e+001	2.41276961e-001	
2.01728765e+001	5.06082404e-001	
2.01938028e+001	7.83644907e-001	
2.02147290e+001	1.06120741e+000	
2.02356552e+001	1.10969187e+000	
2.02565814e+001	1.15474339e+000	
2.02775076e+001	1.16281927e+000	
2.02984339e+001	1.16947299e+000	
2.03193601e+001	1.17503394e+000	
2.03402863e+001	1.18023327e+000	
2.03612125e+001	1.18737679e+000	
2.03821387e+001	1.19455822e+000	
2.04030650e+001	1.19970356e+000	
2.04239912e+001	1.20394661e+000	
2.04449174e+001	1.20836811e+000	
2.04658436e+001	1.21170330e+000	
2.04867699e+001	1.21428774e+000	
2.05076961e+001	1.21681876e+000	
2.05286223e+001	1.21904293e+000	
2.05495485e+001	1.22183010e+000	
2.05704747e+001	1.22529143e+000	
2.05914010e+001	1.22803503e+000	
2.06123272e+001	1.23005014e+000	
2.06332534e+001	1.23248680e+000	
2.06541796e+001	1.23476101e+000	
2.06751058e+001	1.23663409e+000	
2.06960321e+001	1.23851270e+000	
2.07169583e+001	1.24045760e+000	
2.07378845e+001	1.24240251e+000	
2.07588107e+001	1.24375062e+000	
2.07797369e+001	1.24561728e+000	
2.08006632e+001	1.24705790e+000	
2.08215894e+001	1.24845760e+000	
2.08425156e+001	1.24598175e+000	
2.08634418e+001	1.24271522e+000	
2.08843680e+001	1.24567501e+000	
2.09052943e+001	1.25072698e+000	
2.09262205e+001	1.27865952e+000	
2.09471467e+001	1.31886949e+000	
2.09680729e+001	1.35178529e+000	
2.09889991e+001	1.37951729e+000	
2.10099254e+001	1.39982709e+000	
2.10308516e+001	1.41279820e+000	
2.10517778e+001	1.41787630e+000	
2.10727040e+001	1.41209148e+000	
2.10936302e+001	1.40547247e+000	
2.11145565e+001	1.39618330e+000	
2.11354827e+001	1.38638993e+000	
2.11564089e+001	1.37513949e+000	
2.11773351e+001	1.36334805e+000	
2.11982613e+001	1.34936280e+000	
2.12191876e+001	1.33641245e+000	
2.12401138e+001	1.31170043e+000	
2.12610400e+001	1.29539297e+000	
2.12819662e+001	1.29285604e+000	
2.13028925e+001	1.28999291e+000	
2.13238187e+001	1.28689954e+000	
2.13447449e+001	1.28306849e+000	
2.13656711e+001	1.27555262e+000	
2.13865973e+001	1.27157029e+000	
2.14075236e+001	1.26895186e+000	
2.14284498e+001	1.27263891e+000	
2.14493760e+001	1.27850416e+000	
2.14703022e+001	1.28181631e+000	
2.14912284e+001	1.28187424e+000	
2.15121547e+001	1.28110499e+000	
2.15330809e+001	1.27241079e+000	
2.15540071e+001	1.25925726e+000	
2.15749333e+001	1.25687715e+000	
2.15958595e+001	1.26432436e+000	
2.16167858e+001	1.28624698e+000	
2.16377120e+001	1.33873680e+000	
2.16586382e+001	1.35875219e+000	
2.16795644e+001	1.23960564e+000	
2.17004906e+001	9.76284996e-001	
2.17214169e+001	8.40722182e-001	
2.17423431e+001	7.05159367e-001	
2.17632693e+001	5.69596553e-001	
2.17841955e+001	4.29592295e-001	
2.18051217e+001	3.34877595e-001	
2.18260480e+001	2.40162895e-001	
2.18469742e+001	1.87096589e-001	
2.18679004e+001	1.36416908e-001	
2.18888266e+001	1.17631771e-001	
2.19097528e+001	1.27249678e-001	
2.19306791e+001	1.42498098e-001	
2.19516053e+001	1.57914502e-001	
2.19725315e+001	1.70191659e-001	
2.19934577e+001	1.81295929e-001	
2.20143839e+001	1.96168375e-001	
2.20353102e+001	2.12972938e-001	
2.20562364e+001	2.26279878e-001	
2.20771626e+001	2.36811543e-001	
2.20980888e+001	2.49425346e-001	
2.21190150e+001	2.63888151e-001	
2.21399413e+001	2.76319720e-001	
2.21608675e+001	2.87835556e-001	
2.21817937e+001	3.00869365e-001	
2.22027199e+001	3.12941523e-001	
2.22236462e+001	3.23346194e-001	
2.22445724e+001	3.34632173e-001	
2.22654986e+001	3.42691429e-001	
2.22864248e+001	3.51263348e-001	
2.23073510e+001	3.59504941e-001	
2.23282773e+001	3.67698310e-001	
2.23492035e+001	3.76998667e-001	
2.23701297e+001	3.85757200e-001	
2.23910559e+001	3.99256375e-001	
2.24119821e+001	4.06018030e-001	
2.24329084e+001	4.11810447e-001	
2.24538346e+001	4.18792089e-001	
2.24747608e+001	4.26073913e-001	
2.24956870e+001	4.33941176e-001	
2.25166132e+001	4.42503104e-001	
2.25375395e+001	4.49867793e-001	
2.25584657e+001	4.56543628e-001	
2.25793919e+001	4.67438777e-001	
2.26003181e+001	4.81747596e-001	
2.26212443e+001	4.92815791e-001	
2.26421706e+001	5.00241821e-001	
2.26630968e+001	5.10196107e-001	
2.26840230e+001	5.24349499e-001	
2.27049492e+001	5.38690230e-001	
2.27258754e+001	5.53450392e-001	
2.27468017e+001	5.66274770e-001	
2.27677279e+001	5.72433233e-001	
2.27886541e+001	5.78963922e-001	
2.28095803e+001	5.87723888e-001	
2.28305065e+001	5.96348666e-001	
2.28514328e+001	6.01326220e-001	
2.28723590e+001	6.06303774e-001	
2.28932852e+001	6.11861645e-001	
2.29142114e+001	6.17432058e-001	
2.29351376e+001	6.26330668e-001	
2.29560639e+001	6.33216169e-001	
2.29769901e+001	6.40420340e-001	
2.29979163e+001	6.46963249e-001	
2.30188425e+001	6.54650138e-001	
2.30397688e+001	6.61488438e-001	
2.30606950e+001	6.67879525e-001	
2.30816212e+001	6.74763670e-001	
2.31025474e+001	6.81473711e-001	
2.31234736e+001	6.88352850e-001	
2.31443999e+001	6.94261479e-001	
2.31653261e+001	6.97502315e-001	
2.31862523e+001	6.99573663e-001	
2.32071785e+001	7.07103037e-001	
2.32281047e+001	7.21636276e-001	
2.32490310e+001	7.34355229e-001	
2.32699572e+001	7.49767589e-001	
2.32908834e+001	7.71015663e-001	
2.33118096e+001	7.79456211e-001	
2.33327358e+001	7.75302205e-001	
2.33536621e+001	7.73452164e-001	
2.33745883e+001	8.04129449e-001	
2.33955145e+001	8.34806734e-001	
2.34164407e+001	9.56890809e-001	
2.34373669e+001	6.98055161e-001	
2.34582932e+001	5.46419087e-001	
2.34792194e+001	4.06649303e-001	
2.35001456e+001	2.66879519e-001	
2.35210718e+001	1.27109735e-001	
2.35419980e+001	-2.82746838e-002	
2.35629243e+001	-1.79033762e-001	
2.35838505e+001	-3.68911307e-001	
2.36047767e+001	-5.78231834e-001	
2.36257029e+001	-8.15562804e-001	
2.36466291e+001	-8.86106305e-001	
2.36675554e+001	-8.08464597e-001	
2.36884816e+001	-7.38086260e-001	
2.37094078e+001	-6.97929623e-001	
2.37303340e+001	-6.97069249e-001	
2.37512602e+001	-7.00120387e-001	
2.37721865e+001	-7.09107593e-001	
2.37931127e+001	-7.12306575e-001	
2.38140389e+001	-7.09960267e-001	
2.38349651e+001	-7.05219941e-001	
2.38558913e+001	-6.89452598e-001	
2.38768176e+001	-6.75394342e-001	
2.38977438e+001	-6.65507197e-001	
2.39186700e+001	-6.53881086e-001	
2.39395962e+001	-6.44915815e-001	
2.39605225e+001	-6.34130644e-001	
2.39814487e+001	-6.23557278e-001	
2.40023749e+001	-6.15173823e-001	
2.40233011e+001	-6.05495528e-001	
2.40442273e+001	-5.97313306e-001	
2.40651536e+001	-5.88363152e-001	
2.40860798e+001	-5.80078575e-001	
2.41070060e+001	-5.72038406e-001	
2.41279322e+001	-5.61990044e-001	
2.41488584e+001	-5.52630539e-001	
2.41697847e+001	-5.44430797e-001	
2.41907109e+001	-5.37622589e-001	
2.42116371e+001	-5.32094468e-001	
2.42325633e+001	-5.26221231e-001	
2.42534895e+001	-5.20267555e-001	
2.42744158e+001	-5.12989536e-001	
2.42953420e+001	-5.03325974e-001	
2.43162682e+001	-4.93545659e-001	
2.43371944e+001	-4.83456930e-001	
2.43581206e+001	-4.72653738e-001	
2.43790469e+001	-4.58866471e-001	
2.43999731e+001	-4.46376645e-001	
2.44208993e+001	-4.43382303e-001	
2.44418255e+001	-4.40174794e-001	
2.44627517e+001	-4.29848125e-001	
2.44836780e+001	-4.19521456e-001	
2.45046042e+001	-4.09432619e-001	
2.45255304e+001	-3.99357539e-001	
2.45464566e+001	-3.92403163e-001	
2.45673828e+001	-3.85934383e-001	
2.45883091e+001	-3.76033772e-001	
2.46092353e+001	-3.64805121e-001	
2.46301615e+001	-3.57806878e-001	
2.46510877e+001	-3.52609706e-001	
2.46720139e+001	-3.45175370e-001	
2.46929402e+001	-3.32263291e-001	
2.47138664e+001	-3.18072017e-001	
2.47347926e+001	-3.06327521e-001	
2.47557188e+001	-2.95717446e-001	
2.47766451e+001	-2.85616991e-001	
2.47975713e+001	-2.75781552e-001	
2.48184975e+001	-2.65310061e-001	
2.48394237e+001	-2.54654073e-001	
2.48603499e+001	-2.42316156e-001	
2.48812762e+001	-2.31497814e-001	
2.49022024e+001	-2.20282247e-001	
2.49231286e+001	-2.08943843e-001	
2.49440548e+001	-1.98498528e-001	
2.49649810e+001	-1.82881964e-001	
2.49859073e+001	-1.71745079e-001	
2.50068335e+001	-1.60608194e-001	
2.50277597e+001	-1.43137290e-001	
2.50486859e+001	-1.35400146e-001	
2.50696121e+001	-1.26346477e-001	
2.50905384e+001	-1.17005114e-001	
2.51114646e+001	-9.70599859e-002	
2.51323908e+001	-7.41693799e-002	
2.51533170e+001	-4.58511472e-002	
2.51742432e+001	-7.80862842e-002	
2.51951695e+001	-1.46643381e-001	
2.52160957e+001	-2.18855808e-001	
2.52370219e+001	-2.91068234e-001	
2.52579481e+001	-3.63280660e-001	
2.52788743e+001	-4.78202633e-001	
2.52998006e+001	-6.26691715e-001	
2.53207268e+001	-7.75180796e-001	
2.53416530e+001	-9.23669878e-001	
2.53625792e+001	-1.13916371e+000	
2.53835054e+001	-1.41753688e+000	
2.54044317e+001	-1.43339347e+000	
2.54253579e+001	-1.36990068e+000	
2.54462841e+001	-1.31216326e+000	
2.54672103e+001	-1.27510764e+000	
2.54881365e+001	-1.23833483e+000	
2.55090628e+001	-1.20691804e+000	
2.55299890e+001	-1.22595571e+000	
2.55509152e+001	-1.23517734e+000	
2.55718414e+001	-1.24420432e+000	
2.55927676e+001	-1.24313264e+000	
2.56136939e+001	-1.24157697e+000	
2.56346201e+001	-1.24099144e+000	
2.56555463e+001	-1.23976428e+000	
2.56764725e+001	-1.24026564e+000	
2.56973988e+001	-1.24241814e+000	
2.57183250e+001	-1.24437988e+000	
2.57392512e+001	-1.24584286e+000	
2.57601774e+001	-1.24812865e+000	
2.57811036e+001	-1.25566892e+000	
2.58020299e+001	-1.26914189e+000	
2.58229561e+001	-1.28061904e+000	
2.58438823e+001	-1.28765750e+000	
2.58648085e+001	-1.29401086e+000	
2.58857347e+001	-1.29880920e+000	
2.59066610e+001	-1.30120518e+000	
2.59275872e+001	-1.30704909e+000	
2.59485134e+001	-1.32362987e+000	
2.59694396e+001	-1.33751859e+000	
2.59903658e+001	-1.33648133e+000	
2.60112921e+001	-1.33531211e+000	
2.60322183e+001	-1.33261295e+000	
2.60531445e+001	-1.32991378e+000	
2.60740707e+001	-1.32405356e+000	
2.60949969e+001	-1.31818440e+000	
2.61159232e+001	-1.28963879e+000	
2.61368494e+001	-1.25899455e+000	
2.61577756e+001	-1.24183124e+000	
2.61787018e+001	-1.22673002e+000	
2.61996280e+001	-1.22102395e+000	
2.62205543e+001	-1.21842465e+000	
2.62414805e+001	-1.21600256e+000	
2.62624067e+001	-1.21366799e+000	
2.62833329e+001	-1.21135312e+000	
2.63042591e+001	-1.20905203e+000	
2.63251854e+001	-1.20716783e+000	
2.63461116e+001	-1.20468334e+000	
2.63670378e+001	-1.20163108e+000	
2.63879640e+001	-1.19780595e+000	
2.64088902e+001	-1.19320090e+000	
2.64298165e+001	-1.18783433e+000	
2.64507427e+001	-1.18364218e+000	
2.64716689e+001	-1.17818101e+000	
2.64925951e+001	-1.17401218e+000	
2.65135214e+001	-1.17018445e+000	
2.65344476e+001	-1.16534795e+000	
2.65553738e+001	-1.16202190e+000	
2.65763000e+001	-1.15856754e+000	
2.65972262e+001	-1.15391863e+000	
2.66181525e+001	-1.15051368e+000	
2.66390787e+001	-1.14433934e+000	
2.66600049e+001	-1.13697882e+000	
2.66809311e+001	-1.13113330e+000	
2.67018573e+001	-1.12228151e+000	
2.67227836e+001	-1.11502728e+000	
2.67437098e+001	-1.10850830e+000	
2.67646360e+001	-1.09888752e+000	
2.67855622e+001	-1.08771340e+000	
2.68064884e+001	-1.07957266e+000	
2.68274147e+001	-1.07346821e+000	
2.68483409e+001	-1.02489781e+000	
2.68692671e+001	-9.38258528e-001	
2.68901933e+001	-7.00456099e-001	
2.69111195e+001	-3.47628567e-001	
2.69320458e+001	-1.90762543e-001	
2.69529720e+001	-1.76903339e-001	
2.69738982e+001	-1.63044135e-001	
2.69948244e+001	-1.49184930e-001	
2.70157506e+001	-1.69102407e-001	
2.70366769e+001	-3.05215264e-001	
2.70576031e+001	-4.41328122e-001	
2.70785293e+001	-5.77440979e-001	
2.70994555e+001	-7.22897635e-001	
2.71203817e+001	-1.16332612e+000	
2.71413080e+001	-1.23061463e+000	
2.71622342e+001	-1.23542232e+000	
2.71831604e+001	-1.23706705e+000	
2.72040866e+001	-1.23929178e+000	
2.72250128e+001	-1.24085749e+000	
2.72459391e+001	-1.24202771e+000	
2.72668653e+001	-1.24223825e+000	
2.72877915e+001	-1.24304700e+000	
2.73087177e+001	-1.24423288e+000	
2.73296439e+001	-1.24621797e+000	
2.73505702e+001	-1.24825549e+000	
2.73714964e+001	-1.25003080e+000	
2.73924226e+001	-1.25213469e+000	
2.74133488e+001	-1.25542334e+000	
2.74342751e+001	-1.25874305e+000	
2.74552013e+001	-1.26156294e+000	
2.74761275e+001	-1.26509263e+000	
2.74970537e+001	-1.26970011e+000	
2.75179799e+001	-1.27352906e+000	
2.75389062e+001	-1.27790334e+000	
2.75598324e+001	-1.28343870e+000	
2.75807586e+001	-1.28804276e+000	
2.76016848e+001	-1.29719668e+000	
2.76226110e+001	-1.30795768e+000	
2.76435373e+001	-1.31041769e+000	
2.76644635e+001	-1.31287771e+000	
2.76853897e+001	-1.31864021e+000	
2.77063159e+001	-1.32452151e+000	
2.77272421e+001	-1.32921571e+000	
2.77481684e+001	-1.33416127e+000	
2.77690946e+001	-1.33803142e+000	
2.77900208e+001	-1.34163515e+000	
2.78109470e+001	-1.34228895e+000	
2.78318732e+001	-1.34179217e+000	
2.78527995e+001	-1.33492977e+000	
2.78737257e+001	-1.32444953e+000	
2.78946519e+001	-1.32297210e+000	
2.79155781e+001	-1.32863771e+000	
2.79365043e+001	-1.33119809e+000	
2.79574306e+001	-1.33030563e+000	
2.79783568e+001	-1.32967983e+000	
2.79992830e+001	-1.32946826e+000	
2.80202092e+001	-1.32932288e+000	
2.80411354e+001	-1.32932484e+000	
2.80620617e+001	-1.32939854e+000	
2.80829879e+001	-1.32763184e+000	
2.81039141e+001	-1.32590227e+000	
2.81248403e+001	-1.32439051e+000	
2.81457665e+001	-1.32288756e+000	
2.81666928e+001	-1.32153239e+000	
2.81876190e+001	-1.32097223e+000	
2.82085452e+001	-1.31965933e+000	
2.82294714e+001	-1.31853001e+000	
2.82503977e+001	-1.31771059e+000	
2.82713239e+001	-1.31688809e+000	
2.82922501e+001	-1.31595115e+000	
2.83131763e+001	-1.31502792e+000	
2.83341025e+001	-1.31422385e+000	
2.83550288e+001	-1.31344852e+000	
2.83759550e+001	-1.31269226e+000	
2.83968812e+001	-1.31237829e+000	
2.84178074e+001	-1.31203605e+000	
2.84387336e+001	-1.31180451e+000	
2.84596599e+001	-1.31162939e+000	
2.84805861e+001	-1.31170578e+000	
2.85015123e+001	-1.31144496e+000	
2.85224385e+001	-1.31059065e+000	
2.85433647e+001	-1.31093006e+000	
2.85642910e+001	-1.31410650e+000	
2.85852172e+001	-1.31178211e+000	
2.86061434e+001	-1.29570602e+000	
2.86270696e+001	-1.23514387e+000	
2.86479958e+001	-9.30398237e-001	
2.86689221e+001	-5.45080315e-001	
2.86898483e+001	-4.67985241e-001	
2.87107745e+001	-3.90890166e-001	
2.87317007e+001	-3.13795092e-001	
2.87526269e+001	-2.36700018e-001	
2.87735532e+001	-3.35454152e-001	
2.87944794e+001	-4.50257311e-001	
2.88154056e+001	-5.65060469e-001	
2.88363318e+001	-6.79863628e-001	
2.88572580e+001	-1.04800223e+000	
2.88781843e+001	-1.37815652e+000	
2.88991105e+001	-1.47502713e+000	
2.89200367e+001	-1.48151461e+000	
2.89409629e+001	-1.48329957e+000	
2.89618891e+001	-1.48029226e+000	
2.89828154e+001	-1.47800236e+000	
2.90037416e+001	-1.47773092e+000	
2.90246678e+001	-1.47877848e+000	
2.90455940e+001	-1.47956236e+000	
2.90665202e+001	-1.47946442e+000	
2.90874465e+001	-1.47853692e+000	
2.91083727e+001	-1.48028138e+000	
2.91292989e+001	-1.48224615e+000	
2.91502251e+001	-1.48367941e+000	
2.91711514e+001	-1.48522968e+000	
2.91920776e+001	-1.48662180e+000	
2.92130038e+001	-1.48711176e+000	
2.92339300e+001	-1.49074612e+000	
2.92548562e+001	-1.49453830e+000	
2.92757825e+001	-1.49665033e+000	
2.92967087e+001	-1.50170940e+000	
2.93176349e+001	-1.50401977e+000	
2.93385611e+001	-1.50758334e+000	
2.93594873e+001	-1.51361009e+000	
2.93804136e+001	-1.52049687e+000	
2.94013398e+001	-1.52748885e+000	
2.94222660e+001	-1.54855047e+000	
2.94431922e+001	-1.57600703e+000	
2.94641184e+001	-1.59015211e+000	
2.94850447e+001	-1.59592828e+000	
2.95059709e+001	-1.59947215e+000	
2.95268971e+001	-1.60098588e+000	
2.95478233e+001	-1.60194227e+000	
2.95687495e+001	-1.60219383e+000	
2.95896758e+001	-1.59922055e+000	
2.96106020e+001	-1.59051063e+000	
2.96315282e+001	-1.58701690e+000	
2.96524544e+001	-1.59697335e+000	
2.96733806e+001	-1.60484765e+000	
2.96943069e+001	-1.60416722e+000	
2.97152331e+001	-1.60330568e+000	
2.97361593e+001	-1.60103535e+000	
2.97570855e+001	-1.59877062e+000	
2.97780117e+001	-1.59667540e+000	
2.97989380e+001	-1.59458017e+000	
2.98198642e+001	-1.59063672e+000	
2.98407904e+001	-1.58602707e+000	
2.98617166e+001	-1.58188967e+000	
2.98826428e+001	-1.57782409e+000	
2.99035691e+001	-1.57251828e+000	
2.99244953e+001	-1.56871442e+000	
2.99454215e+001	-1.56508077e+000	
2.99663477e+001	-1.56011577e+000	
2.99872740e+001	-1.55593537e+000	
3.00082002e+001	-1.55325935e+000	
3.00291264e+001	-1.55057364e+000	
3.00500526e+001	-1.54819701e+000	
3.00709788e+001	-1.54607672e+000	
3.00919051e+001	-1.54349742e+000	
3.01128313e+001	-1.54098008e+000	
3.01337575e+001	-1.53825747e+000	
3.01546837e+001	-1.53542190e+000	
3.01756099e+001	-1.53310955e+000	
3.01965362e+001	-1.53113512e+000	
3.02174624e+001	-1.53058863e+000	
3.02383886e+001	-1.52992820e+000	
3.02593148e+001	-1.52862086e+000	
3.02802410e+001	-1.52855034e+000	
3.03011673e+001	-1.53045221e+000	
3.03220935e+001	-1.53235408e+000	
3.03430197e+001	-1.52036476e+000	
3.03639459e+001	-1.50880694e+000	
3.03848721e+001	-1.22126013e+000	
3.04057984e+001	-7.82233665e-001	
3.04267246e+001	-6.03374399e-001	
3.04476508e+001	-4.93706253e-001	
3.04685770e+001	-3.84038106e-001	
3.04895032e+001	-2.74369959e-001	
3.05104295e+001	-2.91499615e-001	
3.05313557e+001	-3.76484149e-001	
3.05522819e+001	-4.61468683e-001	
3.05732081e+001	-5.46453217e-001	
3.05941343e+001	-7.85134568e-001	
3.06150606e+001	-1.17925869e+000	
3.06359868e+001	-1.41942116e+000	
3.06569130e+001	-1.45087841e+000	
3.06778392e+001	-1.47214579e+000	
3.06987654e+001	-1.46802604e+000	
3.07196917e+001	-1.46419634e+000	
3.07406179e+001	-1.46216866e+000	
3.07615441e+001	-1.46362694e+000	
3.07824703e+001	-1.46462161e+000	
3.08033965e+001	-1.46542591e+000	
3.08243228e+001	-1.46358916e+000	
3.08452490e+001	-1.46509957e+000	
3.08661752e+001	-1.46879452e+000	
3.08871014e+001	-1.47132766e+000	
3.09080277e+001	-1.47386189e+000	
3.09289539e+001	-1.47728311e+000	
3.09498801e+001	-1.47916201e+000	
3.09708063e+001	-1.48232458e+000	
3.09917325e+001	-1.48688897e+000	
3.10126588e+001	-1.49026626e+000	
3.10335850e+001	-1.49454694e+000	
3.10545112e+001	-1.49910318e+000	
3.10754374e+001	-1.50323169e+000	
3.10963636e+001	-1.50877976e+000	
3.11172899e+001	-1.51585560e+000	
3.11382161e+001	-1.52315865e+000	
3.11591423e+001	-1.53834446e+000	
3.11800685e+001	-1.56488646e+000	
3.12009947e+001	-1.58436705e+000	
3.12219210e+001	-1.59007293e+000	
3.12428472e+001	-1.59458493e+000	
3.12637734e+001	-1.59543616e+000	
3.12846996e+001	-1.59617511e+000	
3.13056258e+001	-1.59634045e+000	
3.13265521e+001	-1.59531382e+000	
3.13474783e+001	-1.58094314e+000	
3.13684045e+001	-1.56657261e+000	
