0.00000000e+000	6.37868564e-003	
2.09262205e-002	-9.47015480e-003	
4.18524410e-002	-2.53189094e-002	
6.27786614e-002	-2.99323981e-002	
8.37048819e-002	-3.35427339e-002	
1.04631102e-001	-3.39267388e-002	
1.25557323e-001	-3.36785226e-002	
1.46483543e-001	-3.35512021e-002	
1.67409764e-001	-3.34632692e-002	
1.88335984e-001	-1.37305274e-002	
2.09262205e-001	-1.36608603e-002	
2.30188425e-001	-1.36238806e-002	
2.51114646e-001	-1.36095923e-002	
2.72040866e-001	-1.36337603e-002	
2.92967087e-001	-1.36282302e-002	
3.13893307e-001	-1.36094745e-002	
3.34819528e-001	-1.36353226e-002	
3.55745748e-001	5.98266443e-003	
3.76671969e-001	5.90372116e-003	
3.97598189e-001	5.83019508e-003	
4.18524410e-001	5.86704025e-003	
4.39450630e-001	5.83452019e-003	
4.60376851e-001	5.83016054e-003	
4.81303071e-001	5.85702384e-003	
5.02229292e-001	5.76446773e-003	
5.23155512e-001	2.52601371e-002	
5.44081733e-001	2.53375526e-002	
5.65007953e-001	2.53037752e-002	
5.85934173e-001	2.52893717e-002	
6.06860394e-001	2.52765134e-002	
6.27786614e-001	2.52445654e-002	
6.48712835e-001	2.51643559e-002	
6.69639055e-001	2.65825723e-002	
6.90565276e-001	2.84492615e-002	
7.11491496e-001	3.20310730e-002	
7.32417717e-001	7.84252914e-003	
7.53343937e-001	-2.45126521e-002	
7.74270158e-001	1.44288224e-002	
7.95196378e-001	5.55135648e-002	
8.16122599e-001	4.55052061e-002	
8.37048819e-001	3.54968473e-002	
8.57975040e-001	2.54884886e-002	
8.78901260e-001	1.58221316e-002	
8.99827481e-001	-1.06480615e-003	
9.20753701e-001	-1.79517439e-002	
9.41679922e-001	-3.48386816e-002	
9.62606142e-001	-2.47534271e-002	
9.83532363e-001	6.85785233e-002	
1.00445858e+000	1.96420750e-002	
1.02538480e+000	-1.44276605e-002	
1.04631102e+000	-2.87629940e-002	
1.06723724e+000	-2.66214575e-002	
1.08816347e+000	-2.44799210e-002	
1.10908969e+000	-2.39418581e-002	
1.13001591e+000	-2.38784873e-002	
1.15094213e+000	-2.38917207e-002	
1.17186835e+000	-2.39106542e-002	
1.19279457e+000	-2.38376052e-002	
1.21372079e+000	-2.38868225e-002	
1.23464701e+000	-5.54674084e-003	
1.25557323e+000	-5.50612308e-003	
1.27649945e+000	-5.51276378e-003	
1.29742567e+000	-5.52884961e-003	
1.31835189e+000	-5.50655159e-003	
1.33927811e+000	-5.53663827e-003	
1.36020433e+000	-5.56215843e-003	
1.38113055e+000	-5.53305172e-003	
1.40205677e+000	1.27938503e-002	
1.42298299e+000	1.27883237e-002	
1.44390921e+000	1.27663697e-002	
1.46483543e+000	1.26686463e-002	
1.48576165e+000	1.26431786e-002	
1.50668787e+000	1.25030343e-002	
1.52761410e+000	1.23812209e-002	
1.54854032e+000	1.23799735e-002	
1.56946654e+000	3.07217288e-002	
1.59039276e+000	3.09119851e-002	
1.61131898e+000	3.11022415e-002	
1.63224520e+000	3.13220174e-002	
1.65317142e+000	3.15427664e-002	
1.67409764e+000	2.91554353e-002	
1.69502386e+000	2.64327535e-002	
1.71595008e+000	1.27356056e-002	
1.73687630e+000	-3.63392253e-003	
1.75780252e+000	-1.87130056e-003	
1.77872874e+000	-1.82988431e-002	
1.79965496e+000	-2.67720131e-002	
1.82058118e+000	-3.07759417e-002	
1.84150740e+000	-3.24528599e-002	
1.86243362e+000	-3.22892788e-002	
1.88335984e+000	-3.21275996e-002	
1.90428606e+000	-3.19679251e-002	
1.92521228e+000	-1.32995335e-002	
1.94613850e+000	-1.30531338e-002	
1.96706473e+000	-1.29369714e-002	
1.98799095e+000	-1.31073549e-002	
2.00891717e+000	-1.32788281e-002	
2.02984339e+000	-1.33708792e-002	
2.05076961e+000	-1.31477069e-002	
2.07169583e+000	-1.31559677e-002	
2.09262205e+000	5.20133152e-003	
2.11354827e+000	5.28792482e-003	
2.13447449e+000	5.11619547e-003	
2.15540071e+000	5.13689794e-003	
2.17632693e+000	5.18630851e-003	
2.19725315e+000	5.13348031e-003	
2.21817937e+000	5.12654205e-003	
2.23910559e+000	5.15482669e-003	
2.26003181e+000	5.07099156e-003	
2.28095803e+000	2.33829392e-002	
2.30188425e+000	2.33672150e-002	
2.32281047e+000	2.33502980e-002	
2.34373669e+000	2.33475576e-002	
2.36466291e+000	2.33570869e-002	
2.38558913e+000	2.32546049e-002	
2.40651536e+000	2.33538618e-002	
2.42744158e+000	2.37691583e-002	
2.44836780e+000	4.14475882e-002	
2.46929402e+000	3.94978139e-002	
2.49022024e+000	4.19703504e-002	
2.51114646e+000	5.40756504e-002	
2.53207268e+000	6.03902924e-002	
2.55299890e+000	4.48204802e-002	
2.57392512e+000	2.92506680e-002	
2.59485134e+000	1.36808559e-002	
2.61577756e+000	9.01775730e-004	
2.63670378e+000	-1.43007705e-002	
2.65763000e+000	-2.95033167e-002	
2.67855622e+000	-4.47058628e-002	
2.69948244e+000	-5.99084090e-002	
2.72040866e+000	4.17550048e-002	
2.74133488e+000	4.59875600e-002	
2.76226110e+000	1.37395926e-002	
2.78318732e+000	-2.26946029e-002	
2.80411354e+000	-1.82585950e-002	
2.82503977e+000	-1.73633947e-002	
2.84596599e+000	-1.67418781e-002	
2.86689221e+000	-1.64844007e-002	
2.88781843e+000	-1.64764764e-002	
2.90874465e+000	-1.65480854e-002	
2.92967087e+000	-1.64499237e-002	
2.95059709e+000	-1.63481784e-002	
2.97152331e+000	-3.95791882e-003	
2.99244953e+000	-3.94958923e-003	
3.01337575e+000	-3.82779567e-003	
3.03430197e+000	-3.91834250e-003	
3.05522819e+000	-3.95151766e-003	
3.07615441e+000	-3.81532339e-003	
3.09708063e+000	-3.93676647e-003	
3.11800685e+000	-3.91299757e-003	
3.13893307e+000	8.60441719e-003	
3.15985929e+000	8.45646200e-003	
3.18078551e+000	8.50911741e-003	
3.20171173e+000	8.59537133e-003	
3.22263795e+000	8.47165240e-003	
3.24356417e+000	8.41169578e-003	
3.26449040e+000	8.35644635e-003	
3.28541662e+000	8.34643509e-003	
3.30634284e+000	8.34416739e-003	
3.32726906e+000	2.06496628e-002	
3.34819528e+000	2.06226717e-002	
3.36912150e+000	2.07025184e-002	
3.39004772e+000	2.08302609e-002	
3.41097394e+000	2.07444914e-002	
3.43190016e+000	2.05212381e-002	
3.45282638e+000	1.46937968e-002	
3.47375260e+000	3.82440194e-003	
3.49467882e+000	4.64433608e-003	
3.51560504e+000	-7.53765603e-003	
3.53653126e+000	-1.65475920e-002	
3.55745748e+000	-1.99788398e-002	
3.57838370e+000	-2.24201887e-002	
3.59930992e+000	-2.23235157e-002	
3.62023614e+000	-2.22420013e-002	
3.64116236e+000	-2.22214099e-002	
3.66208858e+000	-9.61131934e-003	
3.68301480e+000	-9.29955479e-003	
3.70394103e+000	-9.00281723e-003	
3.72486725e+000	-9.12441122e-003	
3.74579347e+000	-9.24600521e-003	
3.76671969e+000	-9.51758646e-003	
3.78764591e+000	-9.39167830e-003	
3.80857213e+000	-9.18026327e-003	
3.82949835e+000	-9.26631492e-003	
3.85042457e+000	3.28544432e-003	
3.87135079e+000	3.32598636e-003	
3.89227701e+000	3.23809253e-003	
3.91320323e+000	3.25802662e-003	
3.93412945e+000	3.31288307e-003	
3.95505567e+000	3.23949085e-003	
3.97598189e+000	3.23683207e-003	
3.99690811e+000	3.27578642e-003	
4.01783433e+000	1.55723818e-002	
4.03876055e+000	1.55300181e-002	
4.05968677e+000	1.55441989e-002	
4.08061299e+000	1.55075787e-002	
4.10153921e+000	1.55329450e-002	
4.12246543e+000	1.56072823e-002	
4.14339166e+000	1.53405174e-002	
4.16431788e+000	1.48625255e-002	
4.18524410e+000	2.72124200e-002	
4.20617032e+000	3.10714734e-002	
4.22709654e+000	3.72669998e-002	
4.24802276e+000	8.61964039e-002	
4.26894898e+000	9.55777242e-002	
4.28987520e+000	5.54187215e-002	
4.31080142e+000	1.37187424e-002	
4.33172764e+000	3.12637171e-003	
4.35265386e+000	-3.52123781e-003	
4.37358008e+000	-1.13975521e-002	
4.39450630e+000	-2.14726015e-002	
4.41543252e+000	-3.15476508e-002	
4.43635874e+000	-4.16227002e-002	
4.45728496e+000	-1.68961447e-002	
4.47821118e+000	5.52695604e-002	
4.49913740e+000	8.13810800e-002	
4.52006362e+000	5.66379940e-002	
4.54098984e+000	3.78226209e-002	
4.56191607e+000	-2.66499771e-005	
4.58284229e+000	-2.11289037e-002	
4.60376851e+000	-1.82463667e-002	
4.62469473e+000	-1.81792892e-002	
4.64562095e+000	-1.80027426e-002	
4.66654717e+000	-1.79325076e-002	
4.68747339e+000	-1.80208700e-002	
4.70839961e+000	-5.00707655e-003	
4.72932583e+000	-5.08212528e-003	
4.75025205e+000	-5.46516648e-003	
4.77117827e+000	-4.68665421e-003	
4.79210449e+000	-5.13984048e-003	
4.81303071e+000	-5.27846045e-003	
4.83395693e+000	-4.74146248e-003	
4.85488315e+000	-4.89103014e-003	
4.87580937e+000	-5.23881275e-003	
4.89673559e+000	7.25829472e-003	
4.91766181e+000	7.00724325e-003	
4.93858803e+000	6.70416092e-003	
4.95951425e+000	6.95566045e-003	
4.98044047e+000	6.61806871e-003	
5.00136670e+000	5.86838818e-003	
5.02229292e+000	5.80415024e-003	
5.04321914e+000	6.24387018e-003	
5.06414536e+000	1.78277526e-002	
5.08507158e+000	1.74283732e-002	
5.10599780e+000	1.73601886e-002	
5.12692402e+000	1.77633876e-002	
5.14785024e+000	1.79042734e-002	
5.16877646e+000	1.75139243e-002	
5.18970268e+000	1.57705926e-002	
5.21062890e+000	9.93901609e-003	
5.23155512e+000	1.50508731e-002	
5.25248134e+000	6.51847576e-003	
5.27340756e+000	-1.66207992e-003	
5.29433378e+000	-6.03829945e-003	
5.31526000e+000	-1.04073622e-002	
5.33618622e+000	-1.22291925e-002	
5.35711244e+000	-1.40510229e-002	
5.37803866e+000	-2.06404222e-002	
5.39896488e+000	-2.76400645e-002	
5.41989110e+000	-1.51236682e-002	
5.44081733e+000	-1.49664968e-002	
5.46174355e+000	-1.40944733e-002	
5.48266977e+000	-1.29933131e-002	
5.50359599e+000	-1.22647159e-002	
5.52452221e+000	-1.20120385e-002	
5.54544843e+000	-1.23242883e-002	
5.56637465e+000	-1.18783550e-002	
5.58730087e+000	6.41340631e-004	
5.60822709e+000	4.50822750e-004	
5.62915331e+000	9.86456554e-004	
5.65007953e+000	5.70700214e-004	
5.67100575e+000	4.59508421e-004	
5.69193197e+000	1.06808687e-003	
5.71285819e+000	3.25060149e-004	
5.73378441e+000	1.49332350e-004	
5.75471063e+000	1.12205169e-002	
5.77563685e+000	1.14876306e-002	
5.79656307e+000	1.31943506e-002	
5.81748929e+000	1.28016219e-002	
5.83841551e+000	1.23776051e-002	
5.85934173e+000	1.03780537e-002	
5.88026796e+000	1.17038498e-002	
5.90119418e+000	6.28449467e-003	
5.92212040e+000	4.10540742e-004	
5.94304662e+000	6.84784803e-003	
5.96397284e+000	2.59402022e-003	
5.98489906e+000	7.25838804e-002	
6.00582528e+000	1.94759535e-001	
6.02675150e+000	2.04521330e-001	
6.04767772e+000	1.59251580e-001	
6.06860394e+000	1.13981830e-001	
6.08953016e+000	6.87120796e-002	
6.11045638e+000	3.64065747e-002	
6.13138260e+000	1.05589925e-002	
6.15230882e+000	-1.37050962e-002	
6.17323504e+000	-3.59995352e-002	
6.19416126e+000	-4.51702378e-002	
6.21508748e+000	-2.82153794e-002	
6.23601370e+000	-1.09937194e-002	
6.25693992e+000	-9.96222464e-003	
6.27786614e+000	-5.12233696e-003	
6.29879237e+000	-5.18326688e-003	
6.31971859e+000	-5.23786992e-003	
6.34064481e+000	-5.24372357e-003	
6.36157103e+000	-5.23185418e-003	
6.38249725e+000	-5.23283251e-003	
6.40342347e+000	-5.23381083e-003	
6.42434969e+000	-5.22477339e-003	
6.44527591e+000	-5.22541509e-003	
6.46620213e+000	-1.20265571e-003	
6.48712835e+000	-1.20514662e-003	
6.50805457e+000	-1.19503529e-003	
6.52898079e+000	-1.20361891e-003	
6.54990701e+000	-1.19880367e-003	
6.57083323e+000	-1.19420839e-003	
6.59175945e+000	-1.20049572e-003	
6.61268567e+000	-1.19560038e-003	
6.63361189e+000	2.81381817e-003	
6.65453811e+000	2.81133625e-003	
6.67546433e+000	2.81068434e-003	
6.69639055e+000	2.80152688e-003	
6.71731677e+000	2.80180885e-003	
6.73824300e+000	2.81351042e-003	
6.75916922e+000	2.80658499e-003	
6.78009544e+000	2.75591984e-003	
6.80102166e+000	6.72749202e-003	
6.82194788e+000	6.79394623e-003	
6.84287410e+000	6.88600859e-003	
6.86380032e+000	7.14258787e-003	
6.88472654e+000	7.38370864e-003	
6.90565276e+000	7.34722292e-003	
6.92657898e+000	7.31073719e-003	
6.94750520e+000	3.44024573e-003	
6.96843142e+000	-5.45385714e-004	
6.98935764e+000	5.27866378e-004	
7.01028386e+000	-2.31369451e-003	
7.03121008e+000	-4.08555420e-003	
7.05213630e+000	-5.60139049e-003	
7.07306252e+000	-6.88557268e-003	
7.09398874e+000	-8.08194215e-003	
7.11491496e+000	-8.54386083e-003	
7.13584118e+000	-8.59805464e-003	
7.15676740e+000	-4.11328996e-003	
7.17769363e+000	-3.71096648e-003	
7.19861985e+000	-3.56501470e-003	
7.21954607e+000	-3.69777836e-003	
7.24047229e+000	-3.65495671e-003	
7.26139851e+000	-3.49786013e-003	
7.28232473e+000	-3.51993017e-003	
7.30325095e+000	-3.39687408e-003	
7.32417717e+000	6.86868308e-004	
7.34510339e+000	6.60766382e-004	
7.36602961e+000	7.42432297e-004	
7.38695583e+000	6.46282777e-004	
7.40788205e+000	6.91307039e-004	
7.42880827e+000	7.01779561e-004	
7.44973449e+000	7.26974076e-004	
7.47066071e+000	6.62999972e-004	
7.49158693e+000	6.28644182e-004	
7.51251315e+000	4.73562177e-003	
7.53343937e+000	4.50688185e-003	
7.55436559e+000	4.48714990e-003	
7.57529181e+000	4.52450147e-003	
7.59621803e+000	4.50102540e-003	
7.61714426e+000	4.01112115e-003	
7.63807048e+000	3.64115580e-003	
7.65899670e+000	3.43119275e-003	
7.67992292e+000	1.02642562e-002	
7.70084914e+000	1.56936279e-002	
7.72177536e+000	3.07835546e-002	
7.74270158e+000	5.47502600e-002	
7.76362780e+000	6.48131614e-002	
7.78455402e+000	5.68285396e-002	
7.80548024e+000	4.88439178e-002	
7.82640646e+000	4.08592960e-002	
7.84733268e+000	3.53994042e-002	
7.86825890e+000	3.64571893e-002	
7.88918512e+000	4.08487999e-002	
7.91011134e+000	6.17419362e-002	
7.93103756e+000	7.73970258e-002	
7.95196378e+000	3.79952530e-002	
7.97289000e+000	1.16983771e-002	
7.99381622e+000	1.02112501e-002	
8.01474244e+000	8.72412305e-003	
8.03566867e+000	4.61673714e-003	
8.05659489e+000	4.35170543e-003	
8.07752111e+000	4.36982593e-003	
8.09844733e+000	4.63960026e-003	
8.11937355e+000	4.69206627e-003	
8.14029977e+000	4.65944268e-003	
8.16122599e+000	4.54964917e-003	
8.18215221e+000	4.59569102e-003	
8.20307843e+000	8.01468641e-004	
8.22400465e+000	8.16278602e-004	
8.24493087e+000	8.84320631e-004	
8.26585709e+000	8.38866586e-004	
8.28678331e+000	8.15810506e-004	
8.30770953e+000	8.81078181e-004	
8.32863575e+000	8.21774049e-004	
8.34956197e+000	8.61992014e-004	
8.37048819e+000	-3.05718505e-003	
8.39141441e+000	-3.10892456e-003	
8.41234063e+000	-3.06389597e-003	
8.43326685e+000	-3.16175502e-003	
8.45419307e+000	-3.15528223e-003	
8.47511930e+000	-3.34720490e-003	
8.49604552e+000	-3.52984316e-003	
8.51697174e+000	-3.27526388e-003	
8.53789796e+000	-3.02068461e-003	
8.55882418e+000	-7.24026190e-003	
8.57975040e+000	-7.48821632e-003	
8.60067662e+000	-7.50555398e-003	
8.62160284e+000	-7.48442837e-003	
8.64252906e+000	-6.45216397e-003	
8.66345528e+000	-5.12628408e-003	
8.68438150e+000	-2.22786460e-003	
8.70530772e+000	1.36693621e-003	
8.72623394e+000	8.46905219e-004	
8.74716016e+000	4.11998312e-003	
8.76808638e+000	6.10280332e-003	
8.78901260e+000	6.93752902e-003	
8.80993882e+000	7.29575433e-003	
8.83086504e+000	7.06511865e-003	
8.85179126e+000	6.92224749e-003	
8.87271748e+000	6.93181129e-003	
8.89364370e+000	3.04722783e-003	
8.91456993e+000	3.02839224e-003	
8.93549615e+000	2.99447689e-003	
8.95642237e+000	2.90085400e-003	
8.97734859e+000	2.83279760e-003	
8.99827481e+000	2.94552047e-003	
9.01920103e+000	2.96363410e-003	
9.04012725e+000	2.87313650e-003	
9.06105347e+000	2.90617005e-003	
9.08197969e+000	-9.78201591e-004	
9.10290591e+000	-9.53823175e-004	
9.12383213e+000	-9.69377862e-004	
9.14475835e+000	-9.59264206e-004	
9.16568457e+000	-9.53826527e-004	
9.18661079e+000	-9.82347637e-004	
9.20753701e+000	-9.36926670e-004	
9.22846323e+000	-9.52561334e-004	
9.24938945e+000	-4.76795515e-003	
9.27031567e+000	-4.71344900e-003	
9.29124189e+000	-4.66729612e-003	
9.31216811e+000	-4.65251007e-003	
9.33309433e+000	-4.66608236e-003	
9.35402056e+000	-4.72988986e-003	
9.37494678e+000	-4.74039424e-003	
9.39587300e+000	-4.62606991e-003	
9.41679922e+000	-8.96830912e-003	
9.43772544e+000	-1.11869504e-002	
9.45865166e+000	-1.64880378e-002	
9.47957788e+000	-3.39141420e-002	
9.50050410e+000	-4.97205904e-002	
9.52143032e+000	-2.39241580e-002	
9.54235654e+000	1.87227434e-003	
9.56328276e+000	2.76687067e-002	
9.58420898e+000	5.34651391e-002	
9.60513520e+000	8.61987452e-002	
9.62606142e+000	1.21851240e-001	
9.64698764e+000	1.57503735e-001	
9.66791386e+000	1.93156230e-001	
9.68884008e+000	1.21134838e-001	
9.70976630e+000	5.19751121e-002	
9.73069252e+000	3.07311348e-002	
9.75161874e+000	2.42820688e-002	
9.77254497e+000	1.12917051e-002	
9.79347119e+000	1.16979112e-002	
9.81439741e+000	1.23237002e-002	
9.83532363e+000	1.24430630e-002	
9.85624985e+000	1.21443735e-002	
9.87717607e+000	1.20654068e-002	
9.89810229e+000	1.22461077e-002	
9.91902851e+000	1.27960985e-002	
9.93995473e+000	1.26720356e-003	
9.96088095e+000	8.27043304e-004	
9.98180717e+000	1.65989415e-003	
1.00027334e+001	1.25835112e-003	
1.00236596e+001	9.54023766e-004	
1.00445858e+001	1.57904426e-003	
1.00655121e+001	8.42289129e-004	
1.00864383e+001	1.56118332e-003	
1.01073645e+001	7.99053210e-004	
1.01282907e+001	-1.09421597e-002	
1.01492169e+001	-1.19938325e-002	
1.01701432e+001	-1.25334181e-002	
1.01910694e+001	-1.06533456e-002	
1.02119956e+001	-1.12759294e-002	
1.02329218e+001	-1.25068521e-002	
1.02538480e+001	-1.39606517e-002	
1.02747743e+001	-1.54910399e-002	
1.02957005e+001	-2.61600576e-002	
1.03166267e+001	-2.18882519e-002	
1.03375529e+001	-1.73683812e-002	
1.03584791e+001	-1.26681071e-002	
1.03794054e+001	-9.95966111e-003	
1.04003316e+001	-9.26562640e-003	
1.04212578e+001	-3.61963098e-003	
1.04421840e+001	8.99885377e-003	
1.04631102e+001	7.85834315e-003	
1.04840365e+001	1.39980703e-002	
1.05049627e+001	1.85140585e-002	
1.05258889e+001	1.81941924e-002	
1.05468151e+001	1.79921238e-002	
1.05677413e+001	1.83671958e-002	
1.05886676e+001	1.86744966e-002	
1.06095938e+001	1.82761361e-002	
1.06305200e+001	6.37005199e-003	
1.06514462e+001	6.78839329e-003	
1.06723724e+001	7.20673460e-003	
1.06932987e+001	7.19072047e-003	
1.07142249e+001	7.13872212e-003	
1.07351511e+001	7.52272165e-003	
1.07560773e+001	7.45441895e-003	
1.07770035e+001	7.29485639e-003	
1.07979298e+001	7.59935961e-003	
1.08188560e+001	-4.29545523e-003	
1.08397822e+001	-4.45693894e-003	
1.08607084e+001	-4.18856570e-003	
1.08816347e+001	-4.36597395e-003	
1.09025609e+001	-4.49957220e-003	
1.09234871e+001	-4.18341924e-003	
1.09444133e+001	-4.36673417e-003	
1.09653395e+001	-4.64928340e-003	
1.09862658e+001	-1.63229796e-002	
1.10071920e+001	-1.64136244e-002	
1.10281182e+001	-1.69816158e-002	
1.10490444e+001	-1.67778820e-002	
1.10699706e+001	-1.67054864e-002	
1.10908969e+001	-1.71823415e-002	
1.11118231e+001	-1.76075794e-002	
1.11327493e+001	-1.88637497e-002	
1.11536755e+001	-3.15130144e-002	
1.11746017e+001	1.28008524e-002	
1.11955280e+001	5.71147192e-002	
1.12164542e+001	8.72684268e-002	
1.12373804e+001	7.04792308e-003	
1.12583066e+001	2.10465849e-003	
1.12792328e+001	1.15871397e-002	
1.13001591e+001	2.10696209e-002	
1.13210853e+001	3.05521021e-002	
1.13420115e+001	3.77327546e-002	
1.13629377e+001	4.66731471e-002	
1.13838639e+001	5.56135396e-002	
1.14047902e+001	6.45539321e-002	
1.14257164e+001	5.77202786e-002	
1.14466426e+001	3.87403308e-002	
1.14675688e+001	2.90948518e-002	
1.14884950e+001	2.85053303e-002	
1.15094213e+001	1.58102031e-002	
1.15303475e+001	1.57021048e-002	
1.15512737e+001	1.56593563e-002	
1.15721999e+001	1.57464748e-002	
1.15931261e+001	1.57302928e-002	
1.16140524e+001	1.57262673e-002	
1.16349786e+001	1.57251268e-002	
1.16559048e+001	1.57417593e-002	
1.16768310e+001	3.39207864e-003	
1.16977572e+001	3.45075022e-003	
1.17186835e+001	3.42338298e-003	
1.17396097e+001	3.42268982e-003	
1.17605359e+001	3.45665205e-003	
1.17814621e+001	3.42816633e-003	
1.18023884e+001	3.41928702e-003	
1.18233146e+001	3.47074324e-003	
1.18442408e+001	3.42690647e-003	
1.18651670e+001	-8.95511632e-003	
1.18860932e+001	-8.94684551e-003	
1.19070195e+001	-9.04286736e-003	
1.19279457e+001	-9.06064105e-003	
1.19488719e+001	-8.98781502e-003	
1.19697981e+001	-8.91726274e-003	
1.19907243e+001	-8.92378937e-003	
1.20116506e+001	-9.01888949e-003	
1.20325768e+001	-2.15187278e-002	
1.20535030e+001	-2.15738444e-002	
1.20744292e+001	-2.16505334e-002	
1.20953554e+001	-2.17773055e-002	
1.21162817e+001	-2.12865861e-002	
1.21372079e+001	-1.85990056e-002	
1.21581341e+001	-1.47611627e-002	
1.21790603e+001	-3.70898017e-003	
1.21999865e+001	-4.86885970e-003	
1.22209128e+001	6.13113792e-003	
1.22418390e+001	1.71311355e-002	
1.22627652e+001	1.92031034e-002	
1.22836914e+001	2.10329969e-002	
1.23046176e+001	2.10926455e-002	
1.23255439e+001	2.09373125e-002	
1.23464701e+001	2.09251594e-002	
1.23673963e+001	2.09466594e-002	
1.23883225e+001	8.62671749e-003	
1.24092487e+001	8.61760513e-003	
1.24301750e+001	8.63010384e-003	
1.24511012e+001	8.65444511e-003	
1.24720274e+001	8.67493814e-003	
1.24929536e+001	8.69253652e-003	
1.25138798e+001	8.67817042e-003	
1.25348061e+001	8.67004886e-003	
1.25557323e+001	-3.65414789e-003	
1.25766585e+001	-3.67201719e-003	
1.25975847e+001	-3.68524636e-003	
1.26185110e+001	-3.65968375e-003	
1.26394372e+001	-3.68975272e-003	
1.26603634e+001	-3.68503581e-003	
1.26812896e+001	-3.66160182e-003	
1.27022158e+001	-3.70274812e-003	
1.27231421e+001	-1.60713882e-002	
1.27440683e+001	-1.60320930e-002	
1.27649945e+001	-1.60963490e-002	
1.27859207e+001	-1.60793452e-002	
1.28068469e+001	-1.60615443e-002	
1.28277732e+001	-1.60856705e-002	
1.28486994e+001	-1.63646938e-002	
1.28696256e+001	-1.76175028e-002	
1.28905518e+001	-1.90667526e-002	
1.29114780e+001	-1.49442717e-002	
1.29324043e+001	7.84974640e-003	
1.29533305e+001	3.76943478e-002	
1.29742567e+001	4.75099327e-003	
1.29951829e+001	-1.97000678e-002	
1.30161091e+001	-8.86481844e-003	
1.30370354e+001	1.97043095e-003	
1.30579616e+001	1.28056803e-002	
1.30788878e+001	2.36351463e-002	
1.30998140e+001	4.04393865e-002	
1.31207402e+001	5.72436268e-002	
1.31416665e+001	7.40478671e-002	
1.31625927e+001	5.86352382e-002	
1.31835189e+001	-2.25944568e-002	
1.32044451e+001	4.89895358e-003	
1.32253713e+001	2.61553952e-002	
1.32462976e+001	2.69132220e-002	
1.32672238e+001	2.52801427e-002	
1.32881500e+001	2.36588726e-002	
1.33090762e+001	2.37366741e-002	
1.33300024e+001	2.37698658e-002	
1.33509287e+001	2.37610331e-002	
1.33718549e+001	2.37489191e-002	
1.33927811e+001	2.37562571e-002	
1.34137073e+001	2.37946614e-002	
1.34346335e+001	5.41806147e-003	
1.34555598e+001	5.42536783e-003	
1.34764860e+001	5.42170183e-003	
1.34974122e+001	5.41414832e-003	
1.35183384e+001	5.42662797e-003	
1.35392647e+001	5.45660537e-003	
1.35601909e+001	5.47805259e-003	
1.35811171e+001	5.48858265e-003	
1.36020433e+001	-1.29395164e-002	
1.36229695e+001	-1.29600780e-002	
1.36438958e+001	-1.28437452e-002	
1.36648220e+001	-1.27170835e-002	
1.36857482e+001	-1.27011686e-002	
1.37066744e+001	-1.25726553e-002	
1.37276006e+001	-1.24607254e-002	
1.37485269e+001	-1.24205514e-002	
1.37694531e+001	-3.08727204e-002	
1.37903793e+001	-3.12216476e-002	
1.38113055e+001	-3.15674068e-002	
1.38322317e+001	-3.17829396e-002	
1.38531580e+001	-3.19984724e-002	
1.38740842e+001	-2.89472668e-002	
1.38950104e+001	-2.56935520e-002	
1.39159366e+001	-1.10585984e-002	
1.39368628e+001	5.43321032e-003	
1.39577891e+001	3.70125001e-003	
1.39787153e+001	2.01898870e-002	
1.39996415e+001	2.75134268e-002	
1.40205677e+001	3.08304411e-002	
1.40414939e+001	3.19621425e-002	
1.40624202e+001	3.17195914e-002	
1.40833464e+001	3.15886018e-002	
1.41042726e+001	3.15557538e-002	
1.41251988e+001	1.30686832e-002	
1.41461250e+001	1.30551960e-002	
1.41670513e+001	1.30379362e-002	
1.41879775e+001	1.30142085e-002	
1.42089037e+001	1.29997831e-002	
1.42298299e+001	1.30030495e-002	
1.42507561e+001	1.30005307e-002	
1.42716824e+001	1.30299751e-002	
1.42926086e+001	-5.43874094e-003	
1.43135348e+001	-5.41819065e-003	
1.43344610e+001	-5.36388939e-003	
1.43553873e+001	-5.39827253e-003	
1.43763135e+001	-5.38228053e-003	
1.43972397e+001	-5.36990314e-003	
1.44181659e+001	-5.38880117e-003	
1.44390921e+001	-5.35871054e-003	
1.44600184e+001	-5.32926869e-003	
1.44809446e+001	-2.37765954e-002	
1.45018708e+001	-2.37600578e-002	
1.45227970e+001	-2.37487891e-002	
1.45437232e+001	-2.37463686e-002	
1.45646495e+001	-2.37237381e-002	
1.45855757e+001	-2.36582539e-002	
1.46065019e+001	-2.47059693e-002	
1.46274281e+001	-2.66872216e-002	
1.46483543e+001	-3.41527469e-002	
1.46692806e+001	-8.23512363e-003	
1.46902068e+001	2.73411764e-002	
1.47111330e+001	3.14703988e-002	
1.47320592e+001	-2.28960086e-002	
1.47529854e+001	-5.99216330e-003	
1.47739117e+001	1.09116820e-002	
1.47948379e+001	2.78155273e-002	
1.48157641e+001	4.12435305e-002	
1.48366903e+001	5.27598824e-002	
1.48576165e+001	6.42762342e-002	
1.48785428e+001	7.57925860e-002	
1.48994690e+001	8.73089379e-002	
1.49203952e+001	-9.07066154e-002	
1.49413214e+001	-5.80290972e-002	
1.49622476e+001	-8.49174758e-003	
1.49831739e+001	4.12473850e-002	
1.50041001e+001	2.90516834e-002	
1.50250263e+001	2.69151831e-002	
1.50459525e+001	2.57470350e-002	
1.50668787e+001	2.54866065e-002	
1.50878050e+001	2.55224234e-002	
1.51087312e+001	2.55844307e-002	
1.51296574e+001	2.55459087e-002	
1.51505836e+001	2.54896931e-002	
1.51715098e+001	5.86451914e-003	
1.51924361e+001	5.91514174e-003	
1.52133623e+001	5.91938205e-003	
1.52342885e+001	5.92279601e-003	
1.52552147e+001	5.90192631e-003	
1.52761410e+001	5.94302069e-003	
1.52970672e+001	6.05931950e-003	
1.53179934e+001	6.03003475e-003	
1.53389196e+001	-1.36009439e-002	
1.53598458e+001	-1.36789000e-002	
1.53807721e+001	-1.36149142e-002	
1.54016983e+001	-1.31999834e-002	
1.54226245e+001	-1.32671851e-002	
1.54435507e+001	-1.29557797e-002	
1.54644769e+001	-1.26411535e-002	
1.54854032e+001	-1.26114278e-002	
1.55063294e+001	-1.26099413e-002	
1.55272556e+001	-3.28252213e-002	
1.55481818e+001	-3.34180842e-002	
1.55691080e+001	-3.37158061e-002	
1.55900343e+001	-3.39129716e-002	
1.56109605e+001	-3.17144236e-002	
1.56318867e+001	-2.83027685e-002	
1.56528129e+001	-1.66381671e-002	
1.56737391e+001	9.54878460e-004	
1.56946654e+001	-9.29785306e-004	
1.57155916e+001	1.66214048e-002	
1.57365178e+001	2.82672650e-002	
1.57574440e+001	3.16923653e-002	
1.57783702e+001	3.38868378e-002	
1.57992965e+001	3.36509665e-002	
1.58202227e+001	3.34524223e-002	
1.58411489e+001	3.33634191e-002	
1.58620751e+001	1.35417541e-002	
1.58830013e+001	1.34522883e-002	
1.59039276e+001	1.33716256e-002	
1.59248538e+001	1.33796538e-002	
1.59457800e+001	1.33876655e-002	
1.59667062e+001	1.33945954e-002	
1.59876324e+001	1.35386823e-002	
1.60085587e+001	1.35726866e-002	
1.60294849e+001	1.35153904e-002	
1.60504111e+001	-6.10332543e-003	
1.60713373e+001	-6.00512498e-003	
1.60922636e+001	-5.99324130e-003	
1.61131898e+001	-6.00456425e-003	
1.61341160e+001	-6.00702248e-003	
1.61550422e+001	-5.99784784e-003	
1.61759684e+001	-5.97567948e-003	
1.61968947e+001	-5.90050645e-003	
1.62178209e+001	-2.55848882e-002	
1.62387471e+001	-2.56339564e-002	
1.62596733e+001	-2.56571400e-002	
1.62805995e+001	-2.56109534e-002	
1.63015258e+001	-2.55820448e-002	
1.63224520e+001	-2.57978272e-002	
1.63433782e+001	-2.68255584e-002	
1.63643044e+001	-2.87730773e-002	
1.63852306e+001	-4.18947751e-002	
1.64061569e+001	2.33589737e-003	
1.64270831e+001	4.56396404e-002	
1.64480093e+001	6.87676425e-002	
1.64689355e+001	-7.98626169e-002	
1.64898617e+001	-6.54098013e-002	
1.65107880e+001	-5.09569857e-002	
1.65317142e+001	-3.65041701e-002	
1.65526404e+001	-2.20513545e-002	
1.65735666e+001	-9.31479174e-003	
1.65944928e+001	6.48461196e-003	
1.66154191e+001	2.22840157e-002	
1.66363453e+001	3.80834194e-002	
1.66572715e+001	-2.10470369e-002	
1.66781977e+001	-2.26795205e-002	
1.66991239e+001	9.96653579e-003	
1.67200502e+001	3.45297506e-002	
1.67409764e+001	2.65139372e-002	
1.67619026e+001	2.46233102e-002	
1.67828288e+001	2.36242784e-002	
1.68037550e+001	2.36918415e-002	
1.68246813e+001	2.37143332e-002	
1.68456075e+001	2.37020888e-002	
1.68665337e+001	2.37013894e-002	
1.68874599e+001	2.37258433e-002	
1.69083861e+001	5.34262096e-003	
1.69293124e+001	5.35568724e-003	
1.69502386e+001	5.37361389e-003	
1.69711648e+001	5.35475190e-003	
1.69920910e+001	5.36086651e-003	
1.70130173e+001	5.38407065e-003	
1.70339435e+001	5.38815002e-003	
1.70548697e+001	5.41381559e-003	
1.70757959e+001	5.41943670e-003	
1.70967221e+001	-1.30161343e-002	
1.71176484e+001	-1.29805407e-002	
1.71385746e+001	-1.29582365e-002	
1.71595008e+001	-1.29578057e-002	
1.71804270e+001	-1.29348739e-002	
1.72013532e+001	-1.29009038e-002	
1.72222795e+001	-1.28780580e-002	
1.72432057e+001	-1.28616755e-002	
1.72641319e+001	-3.13809686e-002	
1.72850581e+001	-3.15283695e-002	
1.73059843e+001	-3.17119641e-002	
1.73269106e+001	-3.19367255e-002	
1.73478368e+001	-3.07976265e-002	
1.73687630e+001	-2.74897304e-002	
1.73896892e+001	-2.01752068e-002	
1.74106154e+001	-3.69535803e-003	
1.74315417e+001	-5.42477229e-003	
1.74524679e+001	1.10430008e-002	
1.74733941e+001	2.56577982e-002	
1.74943203e+001	2.89151422e-002	
1.75152465e+001	3.19685130e-002	
1.75361728e+001	3.17315002e-002	
1.75570990e+001	3.14944873e-002	
1.75780252e+001	3.14592414e-002	
1.75989514e+001	3.14288656e-002	
1.76198776e+001	1.29577910e-002	
1.76408039e+001	1.29295908e-002	
1.76617301e+001	1.29154392e-002	
1.76826563e+001	1.29045302e-002	
1.77035825e+001	1.29154440e-002	
1.77245087e+001	1.29064245e-002	
1.77454350e+001	1.29163783e-002	
1.77663612e+001	1.29151433e-002	
1.77872874e+001	-5.50300916e-003	
1.78082136e+001	-5.45816067e-003	
1.78291399e+001	-5.43994141e-003	
1.78500661e+001	-5.44345821e-003	
1.78709923e+001	-5.43182238e-003	
1.78919185e+001	-5.43282569e-003	
1.79128447e+001	-5.43297822e-003	
1.79337710e+001	-5.41286329e-003	
1.79546972e+001	-2.38222850e-002	
1.79756234e+001	-2.38301270e-002	
1.79965496e+001	-2.38114458e-002	
1.80174758e+001	-2.38042970e-002	
1.80384021e+001	-2.37967322e-002	
1.80593283e+001	-2.37820298e-002	
1.80802545e+001	-2.37101185e-002	
1.81011807e+001	-2.53660961e-002	
1.81221069e+001	-2.70340829e-002	
1.81430332e+001	-2.60929886e-002	
1.81639594e+001	-4.59785593e-003	
1.81848856e+001	2.51956656e-002	
1.82058118e+001	-3.92021257e-002	
1.82267380e+001	-5.19831448e-002	
1.82476643e+001	-3.86348104e-002	
1.82685905e+001	-2.52864761e-002	
1.82895167e+001	-1.19381418e-002	
1.83104429e+001	-2.61917944e-003	
1.83313691e+001	8.15169374e-003	
1.83522954e+001	1.89225669e-002	
1.83732216e+001	2.96934401e-002	
1.83941478e+001	3.43928747e-003	
1.84150740e+001	-3.34147188e-002	
1.84360002e+001	-6.16130758e-003	
1.84569265e+001	1.56648351e-002	
1.84778527e+001	1.90295030e-002	
1.84987789e+001	1.76331034e-002	
1.85197051e+001	1.64261448e-002	
1.85406313e+001	1.61578766e-002	
1.85615576e+001	1.61330591e-002	
1.85824838e+001	1.61508054e-002	
1.86034100e+001	1.61677540e-002	
1.86243362e+001	1.61033771e-002	
1.86452624e+001	1.61431970e-002	
1.86661887e+001	3.72120925e-003	
1.86871149e+001	3.67988392e-003	
1.87080411e+001	3.70288170e-003	
1.87289673e+001	3.70875231e-003	
1.87498936e+001	3.68073856e-003	
1.87708198e+001	3.70616905e-003	
1.87917460e+001	3.69413983e-003	
1.88126722e+001	3.67739184e-003	
1.88335984e+001	-8.70172099e-003	
1.88545247e+001	-8.71067724e-003	
1.88754509e+001	-8.72578271e-003	
1.88963771e+001	-8.70889922e-003	
1.89173033e+001	-8.68867550e-003	
1.89382295e+001	-8.66474318e-003	
1.89591558e+001	-8.65281656e-003	
1.89800820e+001	-8.66279852e-003	
1.90010082e+001	-2.10379365e-002	
1.90219344e+001	-2.10168946e-002	
1.90428606e+001	-2.10294461e-002	
1.90637869e+001	-2.11849242e-002	
1.90847131e+001	-2.11245986e-002	
1.91056393e+001	-1.92872552e-002	
1.91265655e+001	-1.72067499e-002	
1.91474917e+001	-6.15810502e-003	
1.91684180e+001	4.89053984e-003	
1.91893442e+001	3.72496691e-003	
1.92102704e+001	1.48253322e-002	
1.92311966e+001	1.86801873e-002	
1.92521228e+001	2.13798104e-002	
1.92730491e+001	2.18729149e-002	
1.92939753e+001	2.17458134e-002	
1.93149015e+001	2.16692305e-002	
1.93358277e+001	2.16144075e-002	
1.93567539e+001	9.06030462e-003	
1.93776802e+001	8.96582133e-003	
1.93986064e+001	8.95977404e-003	
1.94195326e+001	9.03068604e-003	
1.94404588e+001	9.10342066e-003	
1.94613850e+001	9.08594338e-003	
1.94823113e+001	8.99113611e-003	
1.95032375e+001	8.99993437e-003	
1.95241637e+001	-3.43654233e-003	
1.95450899e+001	-3.48046332e-003	
1.95660162e+001	-3.43072515e-003	
1.95869424e+001	-3.43910342e-003	
1.96078686e+001	-3.46811486e-003	
1.96287948e+001	-3.43518692e-003	
1.96497210e+001	-3.43551860e-003	
1.96706473e+001	-3.46438022e-003	
1.96915735e+001	-3.40739502e-003	
1.97124997e+001	-1.58136176e-002	
1.97334259e+001	-1.57952673e-002	
1.97543521e+001	-1.57956923e-002	
1.97752784e+001	-1.57991746e-002	
1.97962046e+001	-1.58145919e-002	
1.98171308e+001	-1.57247258e-002	
1.98380570e+001	-1.57978214e-002	
1.98589832e+001	-1.59496858e-002	
1.98799095e+001	-2.84018331e-002	
1.99008357e+001	-2.84931608e-002	
1.99217619e+001	-3.65893441e-002	
1.99426881e+001	-5.28619833e-002	
1.99636143e+001	-5.76044758e-002	
1.99845406e+001	-4.75975003e-002	
2.00054668e+001	-3.75905248e-002	
2.00263930e+001	-2.75835493e-002	
2.00473192e+001	-1.96713821e-002	
2.00682454e+001	-1.00781167e-002	
2.00891717e+001	-4.84851406e-004	
2.01100979e+001	9.10841392e-003	
2.01310241e+001	3.67399542e-003	
2.01519503e+001	-8.07168761e-002	
2.01728765e+001	-5.49476584e-002	
2.01938028e+001	-1.39319325e-002	
2.02147290e+001	2.70837935e-002	
2.02356552e+001	1.52046784e-002	
2.02565814e+001	1.48725088e-002	
2.02775076e+001	1.34541993e-002	
2.02984339e+001	1.42213801e-002	
2.03193601e+001	1.40938941e-002	
2.03402863e+001	1.36721242e-002	
2.03612125e+001	1.49041178e-002	
2.03821387e+001	1.51287833e-002	
2.04030650e+001	1.54265270e-003	
2.04239912e+001	1.73706548e-003	
2.04449174e+001	2.10823855e-003	
2.04658436e+001	1.93488420e-003	
2.04867699e+001	1.92657055e-003	
2.05076961e+001	2.06930880e-003	
2.05286223e+001	1.98599410e-003	
2.05495485e+001	1.97828522e-003	
2.05704747e+001	-1.14052505e-002	
2.05914010e+001	-1.15181881e-002	
2.06123272e+001	-1.16508264e-002	
2.06332534e+001	-1.18058591e-002	
2.06541796e+001	-1.23456856e-002	
2.06751058e+001	-1.19143658e-002	
2.06960321e+001	-1.10383945e-002	
2.07169583e+001	-4.79129183e-003	
2.07378845e+001	1.45581079e-003	
2.07588107e+001	-1.19072822e-002	
2.07797369e+001	-1.16536413e-002	
2.08006632e+001	-7.42931507e-003	
2.08215894e+001	-2.82326207e-003	
2.08425156e+001	-4.10958269e-003	
2.08634418e+001	-6.59863904e-003	
2.08843680e+001	-7.14503145e-004	
2.09052943e+001	7.98140580e-003	
2.09262205e+001	3.61861656e-003	
2.09471467e+001	9.45942221e-003	
2.09680729e+001	1.23580535e-002	
2.09889991e+001	1.31666176e-002	
2.10099254e+001	1.29287123e-002	
2.10308516e+001	1.16559219e-002	
2.10517778e+001	1.14885458e-002	
2.10727040e+001	1.28438312e-002	
2.10936302e+001	8.88545192e-004	
2.11145565e+001	-4.00220683e-004	
2.11354827e+001	-8.41201730e-004	
2.11564089e+001	1.16785399e-003	
2.11773351e+001	2.37256326e-003	
2.11982613e+001	8.35958854e-004	
2.12191876e+001	5.43232766e-003	
2.12401138e+001	3.42593185e-003	
2.12610400e+001	-1.62812100e-002	
2.12819662e+001	-1.11693176e-002	
2.13028925e+001	-5.54290609e-003	
2.13238187e+001	-3.10645136e-003	
2.13447449e+001	-2.59133107e-003	
2.13656711e+001	-2.14237906e-003	
2.13865973e+001	2.09499754e-003	
2.14075236e+001	8.29947023e-003	
2.14284498e+001	6.37929409e-003	
2.14493760e+001	-9.30480848e-003	
2.14703022e+001	-7.12168096e-003	
2.14912284e+001	-7.05166812e-003	
2.15121547e+001	-9.38918508e-003	
2.15330809e+001	-8.16593998e-003	
2.15540071e+001	-5.88367188e-003	
2.15749333e+001	-4.86216814e-003	
2.15958595e+001	-2.32921571e-003	
2.16167858e+001	-1.49884511e-002	
2.16377120e+001	-2.29199923e-002	
2.16586382e+001	-5.64550830e-002	
2.16795644e+001	-1.51327808e-001	
2.17004906e+001	-1.98583473e-001	
2.17214169e+001	-1.37857612e-001	
2.17423431e+001	-8.04832059e-002	
2.17632693e+001	-5.03135848e-002	
2.17841955e+001	-2.28783063e-002	
2.18051217e+001	-1.41558024e-002	
2.18260480e+001	-5.43329854e-003	
2.18469742e+001	1.71405034e-002	
2.18679004e+001	4.05071738e-002	
2.18888266e+001	3.50372160e-002	
2.19097528e+001	1.19109712e-002	
2.19306791e+001	6.23544551e-003	
2.19516053e+001	6.21084938e-003	
2.19725315e+001	3.42744610e-003	
2.19934577e+001	5.02221443e-003	
2.20143839e+001	5.68849479e-003	
2.20353102e+001	5.58409678e-003	
2.20562364e+001	5.39097119e-003	
2.20771626e+001	5.24595247e-003	
2.20980888e+001	5.27408923e-003	
2.21190150e+001	5.46257026e-003	
2.21399413e+001	1.67286646e-003	
2.21608675e+001	1.55331837e-003	
2.21817937e+001	1.47394767e-003	
2.22027199e+001	1.42797142e-003	
2.22236462e+001	1.48626088e-003	
2.22445724e+001	1.45585426e-003	
2.22654986e+001	1.41202014e-003	
2.22864248e+001	1.50968059e-003	
2.23073510e+001	-2.31977672e-003	
2.23282773e+001	-2.22442944e-003	
2.23492035e+001	-2.24506687e-003	
2.23701297e+001	-2.27476832e-003	
2.23910559e+001	-2.21205043e-003	
2.24119821e+001	-2.00502937e-003	
2.24329084e+001	-1.77952987e-003	
2.24538346e+001	-1.94625249e-003	
2.24747608e+001	-2.21191125e-003	
2.24956870e+001	-5.70750845e-003	
2.25166132e+001	-5.47304987e-003	
2.25375395e+001	-5.42352165e-003	
2.25584657e+001	-5.48036523e-003	
2.25793919e+001	-5.68467894e-003	
2.26003181e+001	-6.00833455e-003	
2.26212443e+001	-5.20490849e-003	
2.26421706e+001	-3.13484978e-003	
2.26630968e+001	-3.84711180e-003	
2.26840230e+001	3.85003739e-004	
2.27049492e+001	3.09112087e-003	
2.27258754e+001	2.35173085e-003	
2.27468017e+001	2.21994546e-003	
2.27677279e+001	4.18042736e-003	
2.27886541e+001	6.05265172e-003	
2.28095803e+001	7.39669413e-003	
2.28305065e+001	4.54332406e-003	
2.28514328e+001	4.39018781e-003	
2.28723590e+001	4.23705155e-003	
2.28932852e+001	3.70199701e-003	
2.29142114e+001	3.15891891e-003	
2.29351376e+001	3.67923011e-003	
2.29560639e+001	4.02394179e-003	
2.29769901e+001	3.61694057e-003	
2.29979163e+001	3.58971457e-003	
2.30188425e+001	-3.99103491e-004	
2.30397688e+001	-3.92541310e-004	
2.30606950e+001	-3.92633860e-004	
2.30816212e+001	-3.89534167e-004	
2.31025474e+001	-3.64497646e-004	
2.31234736e+001	-4.54775059e-004	
2.31443999e+001	-3.77596744e-004	
2.31653261e+001	-3.11314228e-004	
2.31862523e+001	-4.11936227e-003	
2.32071785e+001	-3.95137057e-003	
2.32281047e+001	-3.70285726e-003	
2.32490310e+001	-3.65511806e-003	
2.32699572e+001	-3.68250009e-003	
2.32908834e+001	-3.95616417e-003	
2.33118096e+001	-4.16240668e-003	
2.33327358e+001	-3.79050577e-003	
2.33536621e+001	-7.10899261e-003	
2.33745883e+001	-9.31870863e-003	
2.33955145e+001	-1.15284246e-002	
2.34164407e+001	-3.00706709e-002	
2.34373669e+001	-5.97720973e-002	
2.34582932e+001	-5.98822985e-002	
2.34792194e+001	-5.71607311e-002	
2.35001456e+001	-5.44391638e-002	
2.35210718e+001	-5.17175965e-002	
2.35419980e+001	-5.38137394e-002	
2.35629243e+001	-5.76273279e-002	
2.35838505e+001	-6.14409164e-002	
2.36047767e+001	-6.52545049e-002	
2.36257029e+001	-5.01965113e-002	
2.36466291e+001	-2.58980512e-002	
2.36675554e+001	-1.40540522e-002	
2.36884816e+001	-1.10840518e-002	
2.37094078e+001	-5.21423239e-003	
2.37303340e+001	-5.29437412e-003	
2.37512602e+001	-5.30766521e-003	
2.37721865e+001	-5.22844765e-003	
2.37931127e+001	-5.23726187e-003	
2.38140389e+001	-5.24944709e-003	
2.38349651e+001	-5.27490544e-003	
2.38558913e+001	-5.34635444e-003	
2.38768176e+001	-1.08802185e-003	
2.38977438e+001	-1.07802972e-003	
2.39186700e+001	-1.11669051e-003	
2.39395962e+001	-1.09657429e-003	
2.39605225e+001	-1.09813374e-003	
2.39814487e+001	-1.08634192e-003	
2.40023749e+001	-1.11192920e-003	
2.40233011e+001	-1.09312996e-003	
2.40442273e+001	-1.09905122e-003	
2.40651536e+001	3.16179797e-003	
2.40860798e+001	3.19506062e-003	
2.41070060e+001	3.17656218e-003	
2.41279322e+001	3.17657624e-003	
2.41488584e+001	3.24523708e-003	
2.41697847e+001	3.34087495e-003	
2.41907109e+001	3.34663408e-003	
2.42116371e+001	3.26968964e-003	
2.42325633e+001	7.59701575e-003	
2.42534895e+001	7.72215065e-003	
2.42744158e+001	7.81887187e-003	
2.42953420e+001	7.86446494e-003	
2.43162682e+001	7.60945127e-003	
2.43371944e+001	6.56176745e-003	
2.43581206e+001	4.98070816e-003	
2.43790469e+001	1.17045750e-003	
2.43999731e+001	1.63661599e-003	
2.44208993e+001	-2.12918804e-003	
2.44418255e+001	-5.81682299e-003	
2.44627517e+001	-6.90091388e-003	
2.44836780e+001	-7.98500477e-003	
2.45046042e+001	-7.97898714e-003	
2.45255304e+001	-7.91228102e-003	
2.45464566e+001	-7.77443509e-003	
2.45673828e+001	-7.62547836e-003	
2.45883091e+001	-3.39992352e-003	
2.46092353e+001	-3.52715232e-003	
2.46301615e+001	-3.45908049e-003	
2.46510877e+001	-3.30787960e-003	
2.46720139e+001	-3.22407849e-003	
2.46929402e+001	-3.25195671e-003	
2.47138664e+001	-3.24776637e-003	
2.47347926e+001	-3.21953850e-003	
2.47557188e+001	9.84081676e-004	
2.47766451e+001	9.89030322e-004	
2.47975713e+001	9.98315517e-004	
2.48184975e+001	9.72927400e-004	
2.48394237e+001	9.83913167e-004	
2.48603499e+001	9.87374981e-004	
2.48812762e+001	9.98794839e-004	
2.49022024e+001	9.47287238e-004	
2.49231286e+001	5.12804854e-003	
2.49440548e+001	5.15904608e-003	
2.49649810e+001	5.02226190e-003	
2.49859073e+001	5.00317380e-003	
2.50068335e+001	4.98408570e-003	
2.50277597e+001	4.97165838e-003	
2.50486859e+001	5.13956525e-003	
2.50696121e+001	5.04654745e-003	
2.50905384e+001	4.91659184e-003	
2.51114646e+001	1.11256383e-002	
2.51323908e+001	1.38048892e-002	
2.51533170e+001	2.79451581e-002	
2.51742432e+001	4.90679513e-002	
2.51951695e+001	4.01467740e-002	
2.52160957e+001	1.33768983e-002	
2.52370219e+001	-1.33929774e-002	
2.52579481e+001	-4.01628531e-002	
2.52788743e+001	-6.89636412e-002	
2.52998006e+001	-1.05887116e-001	
2.53207268e+001	-1.42810591e-001	
2.53416530e+001	-1.79734066e-001	
2.53625792e+001	-1.74634701e-001	
2.53835054e+001	-8.50244600e-002	
2.54044317e+001	-3.50200236e-002	
2.54253579e+001	-2.81897431e-002	
2.54462841e+001	-1.11686656e-002	
2.54672103e+001	-1.24512314e-002	
2.54881365e+001	-1.35866735e-002	
2.55090628e+001	-1.25183757e-002	
2.55299890e+001	-1.16221203e-002	
2.55509152e+001	-1.17679236e-002	
2.55718414e+001	-1.19344853e-002	
2.55927676e+001	-1.30132568e-002	
2.56136939e+001	-1.33804887e-002	
2.56346201e+001	-6.64632766e-004	
2.56555463e+001	-1.38007947e-003	
2.56764725e+001	-1.24052784e-003	
2.56973988e+001	-1.08509260e-003	
2.57183250e+001	-1.19156707e-003	
2.57392512e+001	-1.13314558e-003	
2.57601774e+001	-1.25420124e-003	
2.57811036e+001	-1.05202028e-003	
2.58020299e+001	1.17625807e-002	
2.58229561e+001	1.23842148e-002	
2.58438823e+001	1.31222490e-002	
2.58648085e+001	1.16810802e-002	
2.58857347e+001	1.08026206e-002	
2.59066610e+001	1.26580711e-002	
2.59275872e+001	1.41854877e-002	
2.59485134e+001	1.46899058e-002	
2.59694396e+001	2.79680639e-002	
2.59903658e+001	2.41611584e-002	
2.60112921e+001	2.02189843e-002	
2.60322183e+001	1.47015956e-002	
2.60531445e+001	9.18420695e-003	
2.60740707e+001	7.75666186e-003	
2.60949969e+001	6.34079206e-003	
2.61159232e+001	-4.03752253e-003	
2.61368494e+001	-1.52453639e-002	
2.61577756e+001	-9.92718409e-003	
2.61787018e+001	-1.53920269e-002	
2.61996280e+001	-1.73357584e-002	
2.62205543e+001	-1.81142537e-002	
2.62414805e+001	-1.82951482e-002	
2.62624067e+001	-1.81809816e-002	
2.62833329e+001	-1.82388944e-002	
2.63042591e+001	-1.84178402e-002	
2.63251854e+001	-6.51413263e-003	
2.63461116e+001	-6.20677467e-003	
2.63670378e+001	-6.31120817e-003	
2.63879640e+001	-6.97568075e-003	
2.64088902e+001	-7.26342453e-003	
2.64298165e+001	-7.02029873e-003	
2.64507427e+001	-7.30409876e-003	
2.64716689e+001	-7.54045747e-003	
2.64925951e+001	5.16943992e-003	
2.65135214e+001	4.84349754e-003	
2.65344476e+001	4.70157343e-003	
2.65553738e+001	5.20033774e-003	
2.65763000e+001	5.06822003e-003	
2.65972262e+001	4.65162759e-003	
2.66181525e+001	5.36979580e-003	
2.66390787e+001	5.01289032e-003	
2.66600049e+001	4.94239036e-003	
2.66809311e+001	1.81200531e-002	
2.67018573e+001	1.80295821e-002	
2.67227836e+001	1.80866189e-002	
2.67437098e+001	1.82426305e-002	
2.67646360e+001	1.83752450e-002	
2.67855622e+001	2.13080224e-002	
2.68064884e+001	-5.27295012e-004	
2.68274147e+001	-3.96031256e-002	
2.68483409e+001	-5.94021567e-002	
2.68692671e+001	-8.51944118e-002	
2.68901933e+001	-6.06471646e-002	
2.69111195e+001	7.93707165e-003	
2.69320458e+001	2.91802584e-002	
2.69529720e+001	1.94648658e-002	
2.69738982e+001	9.74947330e-003	
2.69948244e+001	3.40807713e-005	
2.70157506e+001	-7.40142999e-003	
2.70366769e+001	-1.29672989e-002	
2.70576031e+001	-2.24619612e-002	
2.70785293e+001	-6.29381451e-002	
2.70994555e+001	-1.01797365e-001	
2.71203817e+001	-8.87062078e-002	
2.71413080e+001	-3.73951495e-002	
2.71622342e+001	-3.09724196e-002	
2.71831604e+001	-2.70020836e-002	
2.72040866e+001	-1.47379990e-002	
2.72250128e+001	-1.52636590e-002	
2.72459391e+001	-1.55355496e-002	
2.72668653e+001	-1.54588077e-002	
2.72877915e+001	-1.54338285e-002	
2.73087177e+001	-1.54714132e-002	
2.73296439e+001	-1.54572981e-002	
2.73505702e+001	-1.54987533e-002	
2.73714964e+001	-3.26144179e-003	
2.73924226e+001	-3.22447805e-003	
2.74133488e+001	-3.22783598e-003	
2.74342751e+001	-3.30130855e-003	
2.74552013e+001	-3.24775590e-003	
2.74761275e+001	-3.22833589e-003	
2.74970537e+001	-3.31627098e-003	
2.75179799e+001	-3.27699084e-003	
2.75389062e+001	9.21595728e-003	
2.75598324e+001	9.13066050e-003	
2.75807586e+001	9.34256651e-003	
2.76016848e+001	9.46888084e-003	
2.76226110e+001	9.19763330e-003	
2.76435373e+001	9.07664409e-003	
2.76644635e+001	8.95565489e-003	
2.76853897e+001	9.25282431e-003	
2.77063159e+001	9.56501458e-003	
2.77272421e+001	2.21166697e-002	
2.77481684e+001	2.21378905e-002	
2.77690946e+001	2.22182906e-002	
2.77900208e+001	2.23134173e-002	
2.78109470e+001	1.98836939e-002	
2.78318732e+001	1.64692087e-002	
2.78527995e+001	7.50191047e-003	
2.78737257e+001	-4.62273108e-003	
2.78946519e+001	-3.80614253e-003	
2.79155781e+001	-1.46234663e-002	
2.79365043e+001	-2.04231674e-002	
2.79574306e+001	-2.06457244e-002	
2.79783568e+001	-2.07316210e-002	
2.79992830e+001	-2.06052845e-002	
2.80202092e+001	-2.05264572e-002	
2.80411354e+001	-2.05536050e-002	
2.80620617e+001	-8.30644508e-003	
2.80829879e+001	-8.30914092e-003	
2.81039141e+001	-8.31957336e-003	
2.81248403e+001	-8.37520389e-003	
2.81457665e+001	-8.43551521e-003	
2.81666928e+001	-8.55921943e-003	
2.81876190e+001	-8.47365420e-003	
2.82085452e+001	-8.42162293e-003	
2.82294714e+001	-8.57083052e-003	
2.82503977e+001	3.88874247e-003	
2.82713239e+001	3.91381008e-003	
2.82922501e+001	3.79224287e-003	
2.83131763e+001	3.92921547e-003	
2.83341025e+001	3.89760698e-003	
2.83550288e+001	3.80767889e-003	
2.83759550e+001	3.92923730e-003	
2.83968812e+001	3.93810295e-003	
2.84178074e+001	1.62708449e-002	
2.84387336e+001	1.63721209e-002	
2.84596599e+001	1.64696141e-002	
2.84805861e+001	1.63980005e-002	
2.85015123e+001	1.64051355e-002	
2.85224385e+001	1.66670773e-002	
2.85433647e+001	1.73046737e-002	
2.85642910e+001	1.82172062e-002	
2.85852172e+001	2.23629398e-002	
2.86061434e+001	-1.50828117e-002	
2.86270696e+001	-4.86707948e-002	
2.86479958e+001	-4.76842316e-002	
2.86689221e+001	4.95868071e-002	
2.86898483e+001	3.44211345e-002	
2.87107745e+001	1.92554619e-002	
2.87317007e+001	4.08978926e-003	
2.87526269e+001	-1.10758833e-002	
2.87735532e+001	-2.66310307e-002	
2.87944794e+001	-4.51928044e-002	
2.88154056e+001	-6.37545782e-002	
2.88363318e+001	-8.23163520e-002	
2.88572580e+001	-6.44724836e-002	
2.88781843e+001	-4.40056483e-002	
2.88991105e+001	-3.96745672e-002	
2.89200367e+001	-4.13834268e-002	
2.89409629e+001	-2.36627422e-002	
2.89618891e+001	-2.32898109e-002	
2.89828154e+001	-2.32127167e-002	
2.90037416e+001	-2.33223053e-002	
2.90246678e+001	-2.33100556e-002	
2.90455940e+001	-2.32896514e-002	
2.90665202e+001	-2.32896454e-002	
2.90874465e+001	-2.33205077e-002	
2.91083727e+001	-5.08097007e-003	
2.91292989e+001	-5.14884112e-003	
2.91502251e+001	-5.11136241e-003	
2.91711514e+001	-5.11706382e-003	
2.91920776e+001	-5.16038395e-003	
2.92130038e+001	-5.12180107e-003	
2.92339300e+001	-5.16690203e-003	
2.92548562e+001	-5.28320757e-003	
2.92757825e+001	-5.16581458e-003	
2.92967087e+001	1.32085124e-002	
2.93176349e+001	1.32212082e-002	
2.93385611e+001	1.33744673e-002	
2.93594873e+001	1.32837363e-002	
2.93804136e+001	1.28273316e-002	
2.94013398e+001	1.22801634e-002	
2.94222660e+001	1.23279722e-002	
2.94431922e+001	1.26462071e-002	
2.94641184e+001	3.15969683e-002	
2.94850447e+001	3.21852839e-002	
2.95059709e+001	3.24920332e-002	
2.95268971e+001	3.25427161e-002	
2.95478233e+001	3.08013189e-002	
2.95687495e+001	2.67941096e-002	
2.95896758e+001	1.83098444e-002	
2.96106020e+001	1.85730023e-003	
2.96315282e+001	3.61164223e-003	
2.96524544e+001	-1.27590816e-002	
2.96733806e+001	-2.64566917e-002	
2.96943069e+001	-2.91768248e-002	
2.97152331e+001	-3.15602286e-002	
2.97361593e+001	-3.13248122e-002	
2.97570855e+001	-3.10971663e-002	
2.97780117e+001	-3.11052552e-002	
2.97989380e+001	-3.11133441e-002	
2.98198642e+001	-1.27341035e-002	
2.98407904e+001	-1.27014227e-002	
2.98617166e+001	-1.27223407e-002	
2.98826428e+001	-1.27513975e-002	
2.99035691e+001	-1.27758070e-002	
2.99244953e+001	-1.28074077e-002	
2.99454215e+001	-1.27851174e-002	
2.99663477e+001	-1.27968842e-002	
2.99872740e+001	5.55201416e-003	
3.00082002e+001	5.55722343e-003	
3.00291264e+001	5.53717824e-003	
3.00500526e+001	5.52745073e-003	
3.00709788e+001	5.54977435e-003	
3.00919051e+001	5.53094554e-003	
3.01128313e+001	5.52140059e-003	
3.01337575e+001	5.54926665e-003	
3.01546837e+001	2.39294196e-002	
3.01756099e+001	2.39116326e-002	
3.01965362e+001	2.39740011e-002	
3.02174624e+001	2.39426500e-002	
3.02383886e+001	2.39202765e-002	
3.02593148e+001	2.39963837e-002	
3.02802410e+001	2.45498149e-002	
3.03011673e+001	2.67476606e-002	
3.03220935e+001	2.89455063e-002	
3.03430197e+001	1.36088912e-002	
3.03639459e+001	-2.15424871e-002	
3.03848721e+001	-7.39997277e-002	
3.04057984e+001	1.50100401e-002	
3.04267246e+001	2.37541218e-002	
3.04476508e+001	6.28006109e-003	
3.04685770e+001	-1.11939996e-002	
3.04895032e+001	-2.86680603e-002	
3.05104295e+001	-3.93726715e-002	
3.05313557e+001	-5.05861430e-002	
3.05522819e+001	-6.17996145e-002	
3.05732081e+001	-7.30130859e-002	
3.05941343e+001	-2.13878383e-002	
3.06150606e+001	2.94953691e-002	
3.06359868e+001	-5.36063997e-003	
3.06569130e+001	-3.10580252e-002	
3.06778392e+001	-2.85274994e-002	
3.06987654e+001	-2.65842966e-002	
3.07196917e+001	-2.51093746e-002	
3.07406179e+001	-2.52023230e-002	
3.07615441e+001	-2.52487202e-002	
3.07824703e+001	-2.52158808e-002	
3.08033965e+001	-2.51871810e-002	
3.08243228e+001	-2.52191515e-002	
3.08452490e+001	-2.53061368e-002	
3.08661752e+001	-5.77057104e-003	
3.08871014e+001	-5.79405824e-003	
3.09080277e+001	-5.77160320e-003	
3.09289539e+001	-5.74013011e-003	
3.09498801e+001	-5.78117024e-003	
3.09708063e+001	-5.87018387e-003	
3.09917325e+001	-5.90720391e-003	
3.10126588e+001	-5.93832531e-003	
3.10335850e+001	1.37028361e-002	
3.10545112e+001	1.36670429e-002	
3.10754374e+001	1.34245267e-002	
3.10963636e+001	1.33011537e-002	
3.11172899e+001	1.32178493e-002	
3.11382161e+001	1.29996281e-002	
3.11591423e+001	1.28424461e-002	
3.11800685e+001	1.27731100e-002	
3.12009947e+001	3.26149551e-002	
3.12219210e+001	3.32629994e-002	
3.12428472e+001	3.38041843e-002	
3.12637734e+001	3.40176668e-002	
3.12846996e+001	3.36041305e-002	
3.13056258e+001	2.99908087e-002	
3.13265521e+001	2.53677411e-002	
3.13474783e+001	9.43561856e-003	
3.13684045e+001	-6.49659422e-003	
