% Column 0: Length, cm
% Column 1: B.n, Tesla
0.00000000e+000	-1.43112507e+000	
2.09262205e-002	-1.44551319e+000	
4.18524410e-002	-1.45990126e+000	
6.27786614e-002	-1.46128902e+000	
8.37048819e-002	-1.46151577e+000	
1.04631102e-001	-1.46064675e+000	
1.25557323e-001	-1.45956313e+000	
1.46483543e-001	-1.45862767e+000	
1.67409764e-001	-1.45774037e+000	
1.88335984e-001	-1.45503384e+000	
2.09262205e-001	-1.45072060e+000	
2.30188425e-001	-1.44655120e+000	
2.51114646e-001	-1.44248174e+000	
2.72040866e-001	-1.43828287e+000	
2.92967087e-001	-1.43504754e+000	
3.13893307e-001	-1.43219073e+000	
3.34819528e-001	-1.42844989e+000	
3.55745748e-001	-1.42542028e+000	
3.76671969e-001	-1.42296475e+000	
3.97598189e-001	-1.42072514e+000	
4.18524410e-001	-1.41868999e+000	
4.39450630e-001	-1.41717733e+000	
4.60376851e-001	-1.41487284e+000	
4.81303071e-001	-1.41324575e+000	
5.02229292e-001	-1.41150954e+000	
5.23155512e-001	-1.41072800e+000	
5.44081733e-001	-1.41044230e+000	
5.65007953e-001	-1.40927076e+000	
5.85934173e-001	-1.40955657e+000	
6.06860394e-001	-1.40994566e+000	
6.27786614e-001	-1.40970260e+000	
6.48712835e-001	-1.41073589e+000	
6.69639055e-001	-1.41465306e+000	
6.90565276e-001	-1.41933229e+000	
7.11491496e-001	-1.39640114e+000	
7.32417717e-001	-1.36224570e+000	
7.53343937e-001	-1.12650664e+000	
7.74270158e-001	-7.32230256e-001	
7.95196378e-001	-4.93364332e-001	
8.16122599e-001	-4.14574761e-001	
8.37048819e-001	-3.35785191e-001	
8.57975040e-001	-2.56995620e-001	
8.78901260e-001	-2.41871114e-001	
8.99827481e-001	-3.41684120e-001	
9.20753701e-001	-4.41497127e-001	
9.41679922e-001	-5.41310133e-001	
9.62606142e-001	-7.07366477e-001	
9.83532363e-001	-1.12057491e+000	
1.00445858e+000	-1.37994033e+000	
1.02538480e+000	-1.38710224e+000	
1.04631102e+000	-1.39475911e+000	
1.06723724e+000	-1.39146835e+000	
1.08816347e+000	-1.38817759e+000	
1.10908969e+000	-1.38757397e+000	
1.13001591e+000	-1.38802947e+000	
1.15094213e+000	-1.38836469e+000	
1.17186835e+000	-1.38866815e+000	
1.19279457e+000	-1.38772745e+000	
1.21372079e+000	-1.38793051e+000	
1.23464701e+000	-1.38943331e+000	
1.25557323e+000	-1.39048466e+000	
1.27649945e+000	-1.39153567e+000	
1.29742567e+000	-1.39266632e+000	
1.31835189e+000	-1.39311723e+000	
1.33927811e+000	-1.39412195e+000	
1.36020433e+000	-1.39626799e+000	
1.38113055e+000	-1.39795608e+000	
1.40205677e+000	-1.39972837e+000	
1.42298299e+000	-1.40205694e+000	
1.44390921e+000	-1.40347833e+000	
1.46483543e+000	-1.40716999e+000	
1.48576165e+000	-1.41236038e+000	
1.50668787e+000	-1.41654168e+000	
1.52761410e+000	-1.42162849e+000	
1.54854032e+000	-1.43267227e+000	
1.56946654e+000	-1.44290126e+000	
1.59039276e+000	-1.44551045e+000	
1.61131898e+000	-1.44811963e+000	
1.63224520e+000	-1.44938425e+000	
1.65317142e+000	-1.45060467e+000	
1.67409764e+000	-1.45072310e+000	
1.69502386e+000	-1.45069981e+000	
1.71595008e+000	-1.44377650e+000	
1.73687630e+000	-1.43517410e+000	
1.75780252e+000	-1.43880714e+000	
1.77872874e+000	-1.44713415e+000	
1.79965496e+000	-1.44982153e+000	
1.82058118e+000	-1.44933919e+000	
1.84150740e+000	-1.44821159e+000	
1.86243362e+000	-1.44657353e+000	
1.88335984e+000	-1.44503076e+000	
1.90428606e+000	-1.44359274e+000	
1.92521228e+000	-1.44153792e+000	
1.94613850e+000	-1.43733143e+000	
1.96706473e+000	-1.43323514e+000	
1.98799095e+000	-1.42938141e+000	
2.00891717e+000	-1.42517572e+000	
2.02984339e+000	-1.42027993e+000	
2.05076961e+000	-1.41747834e+000	
2.07169583e+000	-1.41467399e+000	
2.09262205e+000	-1.41079481e+000	
2.11354827e+000	-1.40808708e+000	
2.13447449e+000	-1.40686343e+000	
2.15540071e+000	-1.40453323e+000	
2.17632693e+000	-1.40372362e+000	
2.19725315e+000	-1.40233742e+000	
2.21817937e+000	-1.40108114e+000	
2.23910559e+000	-1.39973059e+000	
2.26003181e+000	-1.39878737e+000	
2.28095803e+000	-1.39770412e+000	
2.30188425e+000	-1.39674992e+000	
2.32281047e+000	-1.39670807e+000	
2.34373669e+000	-1.39719729e+000	
2.36466291e+000	-1.39726627e+000	
2.38558913e+000	-1.39735684e+000	
2.40651536e+000	-1.39903996e+000	
2.42744158e+000	-1.40206251e+000	
2.44836780e+000	-1.40045913e+000	
2.46929402e+000	-1.39428163e+000	
2.49022024e+000	-1.30707507e+000	
2.51114646e+000	-9.96616567e-001	
2.53207268e+000	-6.28416820e-001	
2.55299890e+000	-5.21503057e-001	
2.57392512e+000	-4.14589295e-001	
2.59485134e+000	-3.07675532e-001	
2.61577756e+000	-2.15756054e-001	
2.63670378e+000	-2.81447372e-001	
2.65763000e+000	-3.47138691e-001	
2.67855622e+000	-4.12830009e-001	
2.69948244e+000	-4.78521328e-001	
2.72040866e+000	-8.06447535e-001	
2.74133488e+000	-1.05278598e+000	
2.76226110e+000	-1.09973519e+000	
2.78318732e+000	-1.11080806e+000	
2.80411354e+000	-1.11168483e+000	
2.82503977e+000	-1.10835591e+000	
2.84596599e+000	-1.10710273e+000	
2.86689221e+000	-1.10688458e+000	
2.88781843e+000	-1.10669236e+000	
2.90874465e+000	-1.10650625e+000	
2.92967087e+000	-1.10630011e+000	
2.95059709e+000	-1.10608506e+000	
2.97152331e+000	-1.10612975e+000	
2.99244953e+000	-1.10591968e+000	
3.01337575e+000	-1.10576459e+000	
3.03430197e+000	-1.10555959e+000	
3.05522819e+000	-1.10532051e+000	
3.07615441e+000	-1.10516424e+000	
3.09708063e+000	-1.10507874e+000	
3.11800685e+000	-1.10498521e+000	
3.13893307e+000	-1.10482778e+000	
3.15985929e+000	-1.10476178e+000	
3.18078551e+000	-1.10451671e+000	
3.20171173e+000	-1.10459575e+000	
3.22263795e+000	-1.10473344e+000	
3.24356417e+000	-1.10491933e+000	
3.26449040e+000	-1.10510843e+000	
3.28541662e+000	-1.10605779e+000	
3.30634284e+000	-1.10713695e+000	
3.32726906e+000	-1.10698507e+000	
3.34819528e+000	-1.10697397e+000	
3.36912150e+000	-1.10695564e+000	
3.39004772e+000	-1.10693411e+000	
3.41097394e+000	-1.10717630e+000	
3.43190016e+000	-1.10758826e+000	
3.45282638e+000	-1.10534049e+000	
3.47375260e+000	-1.10070093e+000	
3.49467882e+000	-1.10218725e+000	
3.51560504e+000	-1.11136970e+000	
3.53653126e+000	-1.11768348e+000	
3.55745748e+000	-1.11894991e+000	
3.57838370e+000	-1.11948873e+000	
3.59930992e+000	-1.11816223e+000	
3.62023614e+000	-1.11689533e+000	
3.64116236e+000	-1.11586892e+000	
3.66208858e+000	-1.11529950e+000	
3.68301480e+000	-1.11468395e+000	
3.70394103e+000	-1.11406679e+000	
3.72486725e+000	-1.11340466e+000	
3.74579347e+000	-1.11274254e+000	
3.76671969e+000	-1.11042774e+000	
3.78764591e+000	-1.10844836e+000	
3.80857213e+000	-1.10743825e+000	
3.82949835e+000	-1.10610840e+000	
3.85042457e+000	-1.10498578e+000	
3.87135079e+000	-1.10436262e+000	
3.89227701e+000	-1.10351384e+000	
3.91320323e+000	-1.10261603e+000	
3.93412945e+000	-1.10188497e+000	
3.95505567e+000	-1.10105392e+000	
3.97598189e+000	-1.10024460e+000	
3.99690811e+000	-1.09957389e+000	
4.01783433e+000	-1.09861077e+000	
4.03876055e+000	-1.09795627e+000	
4.05968677e+000	-1.09746184e+000	
4.08061299e+000	-1.09699432e+000	
4.10153921e+000	-1.09650022e+000	
4.12246543e+000	-1.09593147e+000	
4.14339166e+000	-1.09529935e+000	
4.16431788e+000	-1.09456123e+000	
4.18524410e+000	-1.09331388e+000	
4.20617032e+000	-1.09313947e+000	
4.22709654e+000	-1.08973374e+000	
4.24802276e+000	-1.02326365e+000	
4.26894898e+000	-6.43522698e-001	
4.28987520e+000	-5.19863187e-001	
4.31080142e+000	-4.04315063e-001	
4.33172764e+000	-2.88766939e-001	
4.35265386e+000	-1.73218815e-001	
4.37358008e+000	-1.69289960e-001	
4.39450630e+000	-1.95249454e-001	
4.41543252e+000	-2.21208948e-001	
4.43635874e+000	-2.47168442e-001	
4.45728496e+000	-4.17342109e-001	
4.47821118e+000	-7.45818961e-001	
4.49913740e+000	-9.52956345e-001	
4.52006362e+000	-1.02399261e+000	
4.54098984e+000	-1.06336664e+000	
4.56191607e+000	-1.06714490e+000	
4.58284229e+000	-1.07410253e+000	
4.60376851e+000	-1.08613149e+000	
4.62469473e+000	-1.09732178e+000	
4.64562095e+000	-1.10580672e+000	
4.66654717e+000	-1.11529161e+000	
4.68747339e+000	-1.12677758e+000	
4.70839961e+000	-1.13330327e+000	
4.72932583e+000	-1.14181494e+000	
4.75025205e+000	-1.15062553e+000	
4.77117827e+000	-1.15972097e+000	
4.79210449e+000	-1.16874981e+000	
4.81303071e+000	-1.17975531e+000	
4.83395693e+000	-1.18872225e+000	
4.85488315e+000	-1.19837128e+000	
4.87580937e+000	-1.20766796e+000	
4.89673559e+000	-1.21792205e+000	
4.91766181e+000	-1.22770840e+000	
4.93858803e+000	-1.23805682e+000	
4.95951425e+000	-1.25149870e+000	
4.98044047e+000	-1.26216823e+000	
5.00136670e+000	-1.27077145e+000	
5.02229292e+000	-1.27007482e+000	
5.04321914e+000	-1.26254415e+000	
5.06414536e+000	-1.25136798e+000	
5.08507158e+000	-1.23689670e+000	
5.10599780e+000	-1.21663569e+000	
5.12692402e+000	-1.18812772e+000	
5.14785024e+000	-1.15938714e+000	
5.16877646e+000	-1.13017754e+000	
5.18970268e+000	-1.10365491e+000	
5.21062890e+000	-1.08525516e+000	
5.23155512e+000	-1.07161221e+000	
5.25248134e+000	-1.08123369e+000	
5.27340756e+000	-1.09152456e+000	
5.29433378e+000	-1.10903315e+000	
5.31526000e+000	-1.12654807e+000	
5.33618622e+000	-1.14650469e+000	
5.35711244e+000	-1.16646130e+000	
5.37803866e+000	-1.18456212e+000	
5.39896488e+000	-1.20250293e+000	
5.41989110e+000	-1.21734797e+000	
5.44081733e+000	-1.23148284e+000	
5.46174355e+000	-1.24458475e+000	
5.48266977e+000	-1.25735532e+000	
5.50359599e+000	-1.27883734e+000	
5.52452221e+000	-1.29844655e+000	
5.54544843e+000	-1.31206494e+000	
5.56637465e+000	-1.33162498e+000	
5.58730087e+000	-1.35631104e+000	
5.60822709e+000	-1.37420366e+000	
5.62915331e+000	-1.37662154e+000	
5.65007953e+000	-1.36593894e+000	
5.67100575e+000	-1.35472472e+000	
5.69193197e+000	-1.34845398e+000	
5.71285819e+000	-1.33609520e+000	
5.73378441e+000	-1.31531706e+000	
5.75471063e+000	-1.29646049e+000	
5.77563685e+000	-1.27661508e+000	
5.79656307e+000	-1.25329969e+000	
5.81748929e+000	-1.24084707e+000	
5.83841551e+000	-1.22833448e+000	
5.85934173e+000	-1.21279334e+000	
5.88026796e+000	-1.19084351e+000	
5.90119418e+000	-1.18101464e+000	
5.92212040e+000	-1.17200337e+000	
5.94304662e+000	-1.16862677e+000	
5.96397284e+000	-1.16688103e+000	
5.98489906e+000	-1.17866711e+000	
6.00582528e+000	-1.00579067e+000	
6.02675150e+000	-7.83024039e-001	
6.04767772e+000	-5.68740929e-001	
6.06860394e+000	-4.25699250e-001	
6.08953016e+000	-3.28248108e-001	
6.11045638e+000	-2.65030127e-001	
6.13138260e+000	-2.35426110e-001	
6.15230882e+000	-2.23315238e-001	
6.17323504e+000	-2.32952565e-001	
6.19416126e+000	-2.52171182e-001	
6.21508748e+000	-2.79585264e-001	
6.23601370e+000	-2.89395354e-001	
6.25693992e+000	-2.99945882e-001	
6.27786614e+000	-3.09212191e-001	
6.29879237e+000	-3.13030112e-001	
6.31971859e+000	-3.16990013e-001	
6.34064481e+000	-3.22045287e-001	
6.36157103e+000	-3.27379537e-001	
6.38249725e+000	-3.28918332e-001	
6.40342347e+000	-3.30457126e-001	
6.42434969e+000	-3.32619823e-001	
6.44527591e+000	-3.36730002e-001	
6.46620213e+000	-3.41036975e-001	
6.48712835e+000	-3.44774069e-001	
6.50805457e+000	-3.48721341e-001	
6.52898079e+000	-3.52178270e-001	
6.54990701e+000	-3.56167786e-001	
6.57083323e+000	-3.59788265e-001	
6.59175945e+000	-3.63334924e-001	
6.61268567e+000	-3.67236152e-001	
6.63361189e+000	-3.70982328e-001	
6.65453811e+000	-3.74985959e-001	
6.67546433e+000	-3.78922577e-001	
6.69639055e+000	-3.83074966e-001	
6.71731677e+000	-3.87920958e-001	
6.73824300e+000	-3.92184647e-001	
6.75916922e+000	-3.96234331e-001	
6.78009544e+000	-3.99781488e-001	
6.80102166e+000	-4.02913061e-001	
6.82194788e+000	-4.05343599e-001	
6.84287410e+000	-4.07980726e-001	
6.86380032e+000	-4.11944502e-001	
6.88472654e+000	-4.15864971e-001	
6.90565276e+000	-4.19009481e-001	
6.92657898e+000	-4.22153992e-001	
6.94750520e+000	-4.32903797e-001	
6.96843142e+000	-4.43882674e-001	
6.98935764e+000	-4.57829843e-001	
7.01028386e+000	-4.72388179e-001	
7.03121008e+000	-4.85557115e-001	
7.05213630e+000	-4.98394083e-001	
7.07306252e+000	-5.11866756e-001	
7.09398874e+000	-5.25579865e-001	
7.11491496e+000	-5.32264224e-001	
7.13584118e+000	-5.35047487e-001	
7.15676740e+000	-5.37658317e-001	
7.17769363e+000	-5.39829677e-001	
7.19861985e+000	-5.41482411e-001	
7.21954607e+000	-5.42571406e-001	
7.24047229e+000	-5.43936043e-001	
7.26139851e+000	-5.46449715e-001	
7.28232473e+000	-5.50171097e-001	
7.30325095e+000	-5.53571353e-001	
7.32417717e+000	-5.56826643e-001	
7.34510339e+000	-5.60149460e-001	
7.36602961e+000	-5.63110863e-001	
7.38695583e+000	-5.66517048e-001	
7.40788205e+000	-5.69652487e-001	
7.42880827e+000	-5.73452452e-001	
7.44973449e+000	-5.76742934e-001	
7.47066071e+000	-5.80487109e-001	
7.49158693e+000	-5.84383151e-001	
7.51251315e+000	-5.87528850e-001	
7.53343937e+000	-5.92182491e-001	
7.55436559e+000	-5.95933884e-001	
7.57529181e+000	-5.99445267e-001	
7.59621803e+000	-6.04358966e-001	
7.61714426e+000	-6.07430080e-001	
7.63807048e+000	-6.09679696e-001	
7.65899670e+000	-6.12019131e-001	
7.67992292e+000	-6.19581847e-001	
7.70084914e+000	-6.31677236e-001	
7.72177536e+000	-6.47776381e-001	
7.74270158e+000	-5.63505939e-001	
7.76362780e+000	-3.97864956e-001	
7.78455402e+000	-2.94381328e-001	
7.80548024e+000	-1.90897700e-001	
7.82640646e+000	-8.74140718e-002	
7.84733268e+000	2.22599812e-002	
7.86825890e+000	1.34908719e-001	
7.88918512e+000	2.47557456e-001	
7.91011134e+000	3.60206194e-001	
7.93103756e+000	4.83976124e-001	
7.95196378e+000	7.13730443e-001	
7.97289000e+000	6.98183493e-001	
7.99381622e+000	6.72123317e-001	
8.01474244e+000	6.46063141e-001	
8.03566867e+000	6.36785456e-001	
8.05659489e+000	6.28199802e-001	
8.07752111e+000	6.24562508e-001	
8.09844733e+000	6.19541962e-001	
8.11937355e+000	6.14271359e-001	
8.14029977e+000	6.09106950e-001	
8.16122599e+000	6.01342470e-001	
8.18215221e+000	5.93939191e-001	
8.20307843e+000	5.86961064e-001	
8.22400465e+000	5.80186881e-001	
8.24493087e+000	5.74246066e-001	
8.26585709e+000	5.68505059e-001	
8.28678331e+000	5.62606887e-001	
8.30770953e+000	5.56498941e-001	
8.32863575e+000	5.50851365e-001	
8.34956197e+000	5.45237575e-001	
8.37048819e+000	5.39038149e-001	
8.39141441e+000	5.33534564e-001	
8.41234063e+000	5.27347120e-001	
8.43326685e+000	5.21811577e-001	
8.45419307e+000	5.15200350e-001	
8.47511930e+000	5.09467874e-001	
8.49604552e+000	5.03744446e-001	
8.51697174e+000	4.98440984e-001	
8.53789796e+000	4.93137522e-001	
8.55882418e+000	4.89873062e-001	
8.57975040e+000	4.86887827e-001	
8.60067662e+000	4.81842571e-001	
8.62160284e+000	4.76453387e-001	
8.64252906e+000	4.71750122e-001	
8.66345528e+000	4.67246014e-001	
8.68438150e+000	4.61259775e-001	
8.70530772e+000	4.54617391e-001	
8.72623394e+000	4.52033385e-001	
8.74716016e+000	4.51942372e-001	
8.76808638e+000	4.49818441e-001	
8.78901260e+000	4.45884568e-001	
8.80993882e+000	4.39947244e-001	
8.83086504e+000	4.31533986e-001	
8.85179126e+000	4.24738957e-001	
8.87271748e+000	4.20755728e-001	
8.89364370e+000	4.16493242e-001	
8.91456993e+000	4.10803259e-001	
8.93549615e+000	4.04997560e-001	
8.95642237e+000	3.98732379e-001	
8.97734859e+000	3.92334849e-001	
8.99827481e+000	3.85107955e-001	
9.01920103e+000	3.79550062e-001	
9.04012725e+000	3.73008610e-001	
9.06105347e+000	3.67371072e-001	
9.08197969e+000	3.60300981e-001	
9.10290591e+000	3.54528968e-001	
9.12383213e+000	3.48373447e-001	
9.14475835e+000	3.41765133e-001	
9.16568457e+000	3.34952595e-001	
9.18661079e+000	3.27743566e-001	
9.20753701e+000	3.21111573e-001	
9.22846323e+000	3.14141809e-001	
9.24938945e+000	3.07538947e-001	
9.27031567e+000	2.99829901e-001	
9.29124189e+000	2.92308323e-001	
9.31216811e+000	2.85835848e-001	
9.33309433e+000	2.77056063e-001	
9.35402056e+000	2.68092541e-001	
9.37494678e+000	2.63076248e-001	
9.39587300e+000	2.58966005e-001	
9.41679922e+000	2.53025997e-001	
9.43772544e+000	2.42856972e-001	
9.45865166e+000	2.31180938e-001	
9.47957788e+000	2.13457724e-001	
9.50050410e+000	1.99712049e-001	
9.52143032e+000	2.30087124e-001	
9.54235654e+000	2.60462198e-001	
9.56328276e+000	2.90837272e-001	
9.58420898e+000	3.21212346e-001	
9.60513520e+000	4.64919692e-001	
9.62606142e+000	6.08482491e-001	
9.64698764e+000	7.52045291e-001	
9.66791386e+000	8.95608091e-001	
9.68884008e+000	1.20952343e+000	
9.70976630e+000	1.30800456e+000	
9.73069252e+000	1.27898569e+000	
9.75161874e+000	1.23117162e+000	
9.77254497e+000	1.20385853e+000	
9.79347119e+000	1.18582012e+000	
9.81439741e+000	1.18043626e+000	
9.83532363e+000	1.19412170e+000	
9.85624985e+000	1.21028170e+000	
9.87717607e+000	1.21996476e+000	
9.89810229e+000	1.22474393e+000	
9.91902851e+000	1.22311859e+000	
9.93995473e+000	1.22441046e+000	
9.96088095e+000	1.22713791e+000	
9.98180717e+000	1.23011443e+000	
1.00027334e+001	1.23273275e+000	
1.00236596e+001	1.23566936e+000	
1.00445858e+001	1.23911457e+000	
1.00655121e+001	1.24377692e+000	
1.00864383e+001	1.24788052e+000	
1.01073645e+001	1.25256651e+000	
1.01282907e+001	1.25859644e+000	
1.01492169e+001	1.26493328e+000	
1.01701432e+001	1.27315644e+000	
1.01910694e+001	1.27866905e+000	
1.02119956e+001	1.28329752e+000	
1.02329218e+001	1.28783369e+000	
1.02538480e+001	1.29700178e+000	
1.02747743e+001	1.30777159e+000	
1.02957005e+001	1.31321543e+000	
1.03166267e+001	1.31661451e+000	
1.03375529e+001	1.30816449e+000	
1.03584791e+001	1.29110402e+000	
1.03794054e+001	1.26929471e+000	
1.04003316e+001	1.24268415e+000	
1.04212578e+001	1.21129931e+000	
1.04421840e+001	1.17319387e+000	
1.04631102e+001	1.14525969e+000	
1.04840365e+001	1.13644096e+000	
1.05049627e+001	1.13021265e+000	
1.05258889e+001	1.13169385e+000	
1.05468151e+001	1.13300596e+000	
1.05677413e+001	1.13348896e+000	
1.05886676e+001	1.13392530e+000	
1.06095938e+001	1.13387531e+000	
1.06305200e+001	1.13425174e+000	
1.06514462e+001	1.13414962e+000	
1.06723724e+001	1.13404750e+000	
1.06932987e+001	1.13404026e+000	
1.07142249e+001	1.13404087e+000	
1.07351511e+001	1.13409811e+000	
1.07560773e+001	1.13419337e+000	
1.07770035e+001	1.13426892e+000	
1.07979298e+001	1.13432963e+000	
1.08188560e+001	1.13447062e+000	
1.08397822e+001	1.13429034e+000	
1.08607084e+001	1.13337883e+000	
1.08816347e+001	1.13188930e+000	
1.09025609e+001	1.13070225e+000	
1.09234871e+001	1.13002975e+000	
1.09444133e+001	1.12946130e+000	
1.09653395e+001	1.12839035e+000	
1.09862658e+001	1.12553991e+000	
1.10071920e+001	1.12134784e+000	
1.10281182e+001	1.11722126e+000	
1.10490444e+001	1.11437467e+000	
1.10699706e+001	1.11135342e+000	
1.10908969e+001	1.10815982e+000	
1.11118231e+001	1.10422537e+000	
1.11327493e+001	1.06396388e+000	
1.11536755e+001	1.02029279e+000	
1.11746017e+001	7.52199182e-001	
1.11955280e+001	4.84105578e-001	
1.12164542e+001	2.27845834e-001	
1.12373804e+001	1.39905057e-001	
1.12583066e+001	1.21977029e-001	
1.12792328e+001	1.12506732e-001	
1.13001591e+001	1.03036435e-001	
1.13210853e+001	9.35661382e-002	
1.13420115e+001	1.30652587e-001	
1.13629377e+001	1.84847550e-001	
1.13838639e+001	3.57082139e-001	
1.14047902e+001	6.04006100e-001	
1.14257164e+001	8.74968620e-001	
1.14466426e+001	1.03716879e+000	
1.14675688e+001	1.05458092e+000	
1.14884950e+001	1.06052230e+000	
1.15094213e+001	1.06553746e+000	
1.15303475e+001	1.06752732e+000	
1.15512737e+001	1.06921439e+000	
1.15721999e+001	1.07020849e+000	
1.15931261e+001	1.07135659e+000	
1.16140524e+001	1.07228495e+000	
1.16349786e+001	1.07324276e+000	
1.16559048e+001	1.07443213e+000	
1.16768310e+001	1.07605725e+000	
1.16977572e+001	1.07701677e+000	
1.17186835e+001	1.07833268e+000	
1.17396097e+001	1.07980392e+000	
1.17605359e+001	1.08082350e+000	
1.17814621e+001	1.08211931e+000	
1.18023884e+001	1.08366721e+000	
1.18233146e+001	1.08492769e+000	
1.18442408e+001	1.08651359e+000	
1.18651670e+001	1.08821177e+000	
1.18860932e+001	1.08987240e+000	
1.19070195e+001	1.09278768e+000	
1.19279457e+001	1.09612597e+000	
1.19488719e+001	1.09779953e+000	
1.19697981e+001	1.09830049e+000	
1.19907243e+001	1.09949262e+000	
1.20116506e+001	1.10147908e+000	
1.20325768e+001	1.10317453e+000	
1.20535030e+001	1.10546018e+000	
1.20744292e+001	1.10766842e+000	
1.20953554e+001	1.10969734e+000	
1.21162817e+001	1.11063024e+000	
1.21372079e+001	1.10766342e+000	
1.21581341e+001	1.10349121e+000	
1.21790603e+001	1.09176615e+000	
1.21999865e+001	1.08084260e+000	
1.22209128e+001	1.08162406e+000	
1.22418390e+001	1.08240552e+000	
1.22627652e+001	1.08218668e+000	
1.22836914e+001	1.08194009e+000	
1.23046176e+001	1.08257766e+000	
1.23255439e+001	1.08332266e+000	
1.23464701e+001	1.08410167e+000	
1.23673963e+001	1.08488865e+000	
1.23883225e+001	1.08599060e+000	
1.24092487e+001	1.08667695e+000	
1.24301750e+001	1.08733298e+000	
1.24511012e+001	1.08797242e+000	
1.24720274e+001	1.08876553e+000	
1.24929536e+001	1.08948998e+000	
1.25138798e+001	1.09019020e+000	
1.25348061e+001	1.09096796e+000	
1.25557323e+001	1.09168497e+000	
1.25766585e+001	1.09242264e+000	
1.25975847e+001	1.09325949e+000	
1.26185110e+001	1.09388225e+000	
1.26394372e+001	1.09461611e+000	
1.26603634e+001	1.09550485e+000	
1.26812896e+001	1.09611159e+000	
1.27022158e+001	1.09687646e+000	
1.27231421e+001	1.09750639e+000	
1.27440683e+001	1.09813200e+000	
1.27649945e+001	1.09908456e+000	
1.27859207e+001	1.09973477e+000	
1.28068469e+001	1.10038201e+000	
1.28277732e+001	1.10124729e+000	
1.28486994e+001	1.10266695e+000	
1.28696256e+001	1.10684206e+000	
1.28905518e+001	1.11157913e+000	
1.29114780e+001	1.07649786e+000	
1.29324043e+001	1.02865146e+000	
1.29533305e+001	7.98146587e-001	
1.29742567e+001	5.01272978e-001	
1.29951829e+001	3.60495238e-001	
1.30161091e+001	3.20785657e-001	
1.30370354e+001	2.81076076e-001	
1.30579616e+001	2.41366495e-001	
1.30788878e+001	2.75094310e-001	
1.30998140e+001	4.11977990e-001	
1.31207402e+001	5.48861670e-001	
1.31416665e+001	6.85745350e-001	
1.31625927e+001	8.97374955e-001	
1.31835189e+001	1.26319706e+000	
1.32044451e+001	1.36052136e+000	
1.32253713e+001	1.35832054e+000	
1.32462976e+001	1.35707320e+000	
1.32672238e+001	1.35712707e+000	
1.32881500e+001	1.35717956e+000	
1.33090762e+001	1.35703973e+000	
1.33300024e+001	1.35820367e+000	
1.33509287e+001	1.35916623e+000	
1.33718549e+001	1.36010865e+000	
1.33927811e+001	1.35959389e+000	
1.34137073e+001	1.36073649e+000	
1.34346335e+001	1.36296308e+000	
1.34555598e+001	1.36476073e+000	
1.34764860e+001	1.36696736e+000	
1.34974122e+001	1.36896157e+000	
1.35183384e+001	1.37027902e+000	
1.35392647e+001	1.37261282e+000	
1.35601909e+001	1.37563313e+000	
1.35811171e+001	1.37825634e+000	
1.36020433e+001	1.38165914e+000	
1.36229695e+001	1.38523483e+000	
1.36438958e+001	1.39000753e+000	
1.36648220e+001	1.40070643e+000	
1.36857482e+001	1.41036537e+000	
1.37066744e+001	1.41258672e+000	
1.37276006e+001	1.41600717e+000	
1.37485269e+001	1.42462364e+000	
1.37694531e+001	1.43271242e+000	
1.37903793e+001	1.43951857e+000	
1.38113055e+001	1.44627648e+000	
1.38322317e+001	1.45104452e+000	
1.38531580e+001	1.45581255e+000	
1.38740842e+001	1.45543946e+000	
1.38950104e+001	1.45474775e+000	
1.39159366e+001	1.44498465e+000	
1.39368628e+001	1.43374285e+000	
1.39577891e+001	1.43613171e+000	
1.39787153e+001	1.44236642e+000	
1.39996415e+001	1.44351914e+000	
1.40205677e+001	1.44244933e+000	
1.40414939e+001	1.44159895e+000	
1.40624202e+001	1.44088651e+000	
1.40833464e+001	1.44021366e+000	
1.41042726e+001	1.43957561e+000	
1.41251988e+001	1.43850536e+000	
1.41461250e+001	1.43581215e+000	
1.41670513e+001	1.43312355e+000	
1.41879775e+001	1.43044294e+000	
1.42089037e+001	1.42751292e+000	
1.42298299e+001	1.42441879e+000	
1.42507561e+001	1.42270804e+000	
1.42716824e+001	1.42080708e+000	
1.42926086e+001	1.41857832e+000	
1.43135348e+001	1.41688212e+000	
1.43344610e+001	1.41597827e+000	
1.43553873e+001	1.41444074e+000	
1.43763135e+001	1.41402987e+000	
1.43972397e+001	1.41301824e+000	
1.44181659e+001	1.41221005e+000	
1.44390921e+001	1.41133667e+000	
1.44600184e+001	1.41133633e+000	
1.44809446e+001	1.41114128e+000	
1.45018708e+001	1.41065315e+000	
1.45227970e+001	1.41061325e+000	
1.45437232e+001	1.41083647e+000	
1.45646495e+001	1.41085149e+000	
1.45855757e+001	1.41120480e+000	
1.46065019e+001	1.41397672e+000	
1.46274281e+001	1.41847524e+000	
1.46483543e+001	1.41104098e+000	
1.46692806e+001	1.39184015e+000	
1.46902068e+001	1.24651040e+000	
1.47111330e+001	8.77975456e-001	
1.47320592e+001	5.64406982e-001	
1.47529854e+001	4.71814932e-001	
1.47739117e+001	3.79222882e-001	
1.47948379e+001	2.86630832e-001	
1.48157641e+001	2.22799675e-001	
1.48366903e+001	3.27105628e-001	
1.48576165e+001	4.31411582e-001	
1.48785428e+001	5.35717535e-001	
1.48994690e+001	6.40023489e-001	
1.49203952e+001	1.06605056e+000	
1.49413214e+001	1.34031445e+000	
1.49622476e+001	1.37360132e+000	
1.49831739e+001	1.37939442e+000	
1.50041001e+001	1.37928524e+000	
1.50250263e+001	1.37678806e+000	
1.50459525e+001	1.37634041e+000	
1.50668787e+001	1.37605858e+000	
1.50878050e+001	1.37616963e+000	
1.51087312e+001	1.37664193e+000	
1.51296574e+001	1.37754481e+000	
1.51505836e+001	1.37788262e+000	
1.51715098e+001	1.37770127e+000	
1.51924361e+001	1.37837692e+000	
1.52133623e+001	1.38050083e+000	
1.52342885e+001	1.38263156e+000	
1.52552147e+001	1.38442963e+000	
1.52761410e+001	1.38590813e+000	
1.52970672e+001	1.38915177e+000	
1.53179934e+001	1.39221678e+000	
1.53389196e+001	1.39462481e+000	
1.53598458e+001	1.39875061e+000	
1.53807721e+001	1.40046544e+000	
1.54016983e+001	1.40479365e+000	
1.54226245e+001	1.41249303e+000	
1.54435507e+001	1.41896644e+000	
1.54644769e+001	1.42542968e+000	
1.54854032e+001	1.44298303e+000	
1.55063294e+001	1.46163679e+000	
1.55272556e+001	1.46804381e+000	
1.55481818e+001	1.47226255e+000	
1.55691080e+001	1.47451464e+000	
1.55900343e+001	1.47609690e+000	
1.56109605e+001	1.47691343e+000	
1.56318867e+001	1.47734213e+000	
1.56528129e+001	1.47254389e+000	
1.56737391e+001	1.46399261e+000	
1.56946654e+001	1.46407448e+000	
1.57155916e+001	1.47276330e+000	
1.57365178e+001	1.47755158e+000	
1.57574440e+001	1.47690829e+000	
1.57783702e+001	1.47580198e+000	
1.57992965e+001	1.47378103e+000	
1.58202227e+001	1.47178899e+000	
1.58411489e+001	1.46988180e+000	
1.58620751e+001	1.46786396e+000	
1.58830013e+001	1.46254725e+000	
1.59039276e+001	1.45727026e+000	
1.59248538e+001	1.45239391e+000	
1.59457800e+001	1.44750107e+000	
1.59667062e+001	1.44065650e+000	
1.59876324e+001	1.43696565e+000	
1.60085587e+001	1.43325171e+000	
1.60294849e+001	1.42824375e+000	
1.60504111e+001	1.42454301e+000	
1.60713373e+001	1.42199601e+000	
1.60922636e+001	1.41885859e+000	
1.61131898e+001	1.41669888e+000	
1.61341160e+001	1.41420752e+000	
1.61550422e+001	1.41162519e+000	
1.61759684e+001	1.40924776e+000	
1.61968947e+001	1.40758149e+000	
1.62178209e+001	1.40620029e+000	
1.62387471e+001	1.40487626e+000	
1.62596733e+001	1.40395103e+000	
1.62805995e+001	1.40406735e+000	
1.63015258e+001	1.40384947e+000	
1.63224520e+001	1.40355348e+000	
1.63433782e+001	1.40488922e+000	
1.63643044e+001	1.40743919e+000	
1.63852306e+001	1.40753551e+000	
1.64061569e+001	1.40151459e+000	
1.64270831e+001	1.36952211e+000	
1.64480093e+001	1.10632302e+000	
1.64689355e+001	6.50149611e-001	
1.64898617e+001	5.46534706e-001	
1.65107880e+001	4.42919802e-001	
1.65317142e+001	3.39304898e-001	
1.65526404e+001	2.35689994e-001	
1.65735666e+001	3.30175047e-001	
1.65944928e+001	4.58048160e-001	
1.66154191e+001	5.85921273e-001	
1.66363453e+001	7.13794386e-001	
1.66572715e+001	1.00256409e+000	
1.66781977e+001	1.27505313e+000	
1.66991239e+001	1.36798234e+000	
1.67200502e+001	1.37686291e+000	
1.67409764e+001	1.38293807e+000	
1.67619026e+001	1.38526106e+000	
1.67828288e+001	1.38681316e+000	
1.68037550e+001	1.38708368e+000	
1.68246813e+001	1.38689067e+000	
1.68456075e+001	1.38675168e+000	
1.68665337e+001	1.38604388e+000	
1.68874599e+001	1.38452207e+000	
1.69083861e+001	1.38531730e+000	
1.69293124e+001	1.38624658e+000	
1.69502386e+001	1.38686919e+000	
1.69711648e+001	1.38740325e+000	
1.69920910e+001	1.38768489e+000	
1.70130173e+001	1.38722015e+000	
1.70339435e+001	1.38852268e+000	
1.70548697e+001	1.39022933e+000	
1.70757959e+001	1.39130843e+000	
1.70967221e+001	1.39331455e+000	
1.71176484e+001	1.39394628e+000	
1.71385746e+001	1.39747750e+000	
1.71595008e+001	1.40241885e+000	
1.71804270e+001	1.40531373e+000	
1.72013532e+001	1.40731194e+000	
1.72222795e+001	1.41499608e+000	
1.72432057e+001	1.42599178e+000	
1.72641319e+001	1.43196326e+000	
1.72850581e+001	1.43456902e+000	
1.73059843e+001	1.43645757e+000	
1.73269106e+001	1.43753146e+000	
1.73478368e+001	1.43808394e+000	
1.73687630e+001	1.43780713e+000	
1.73896892e+001	1.43569437e+000	
1.74106154e+001	1.42938507e+000	
1.74315417e+001	1.42748151e+000	
1.74524679e+001	1.44116246e+000	
1.74733941e+001	1.45310980e+000	
1.74943203e+001	1.45442512e+000	
1.75152465e+001	1.45545994e+000	
1.75361728e+001	1.45196858e+000	
1.75570990e+001	1.44847723e+000	
1.75780252e+001	1.44507348e+000	
1.75989514e+001	1.44167188e+000	
1.76198776e+001	1.43961269e+000	
1.76408039e+001	1.43716213e+000	
1.76617301e+001	1.43468317e+000	
1.76826563e+001	1.43219765e+000	
1.77035825e+001	1.42536739e+000	
1.77245087e+001	1.41816370e+000	
1.77454350e+001	1.41372948e+000	
1.77663612e+001	1.40942667e+000	
1.77872874e+001	1.40510808e+000	
1.78082136e+001	1.40247763e+000	
1.78291399e+001	1.40004706e+000	
1.78500661e+001	1.39735399e+000	
1.78709923e+001	1.39543400e+000	
1.78919185e+001	1.39313747e+000	
1.79128447e+001	1.39067325e+000	
1.79337710e+001	1.38885623e+000	
1.79546972e+001	1.38720799e+000	
1.79756234e+001	1.38550588e+000	
1.79965496e+001	1.38393681e+000	
1.80174758e+001	1.38378024e+000	
1.80384021e+001	1.38355788e+000	
1.80593283e+001	1.38253875e+000	
1.80802545e+001	1.38193989e+000	
1.81011807e+001	1.38184113e+000	
1.81221069e+001	1.38174584e+000	
1.81430332e+001	1.38351060e+000	
1.81639594e+001	1.38630349e+000	
1.81848856e+001	1.29322411e+000	
1.82058118e+001	9.02934466e-001	
1.82267380e+001	6.85291520e-001	
1.82476643e+001	5.51328505e-001	
1.82685905e+001	4.17365490e-001	
1.82895167e+001	2.83402474e-001	
1.83104429e+001	2.53147175e-001	
1.83313691e+001	2.95611388e-001	
1.83522954e+001	3.38075602e-001	
1.83732216e+001	3.80539815e-001	
1.83941478e+001	5.25959470e-001	
1.84150740e+001	8.23662803e-001	
1.84360002e+001	1.04680551e+000	
1.84569265e+001	1.09188563e+000	
1.84778527e+001	1.12496878e+000	
1.84987789e+001	1.12045219e+000	
1.85197051e+001	1.11645524e+000	
1.85406313e+001	1.11500859e+000	
1.85615576e+001	1.11409690e+000	
1.85824838e+001	1.11344985e+000	
1.86034100e+001	1.11279963e+000	
1.86243362e+001	1.11182525e+000	
1.86452624e+001	1.11119621e+000	
1.86661887e+001	1.11056833e+000	
1.86871149e+001	1.10978552e+000	
1.87080411e+001	1.10915300e+000	
1.87289673e+001	1.10821144e+000	
1.87498936e+001	1.10740007e+000	
1.87708198e+001	1.10679781e+000	
1.87917460e+001	1.10605078e+000	
1.88126722e+001	1.10534867e+000	
1.88335984e+001	1.10468009e+000	
1.88545247e+001	1.10394635e+000	
1.88754509e+001	1.10330608e+000	
1.88963771e+001	1.10271360e+000	
1.89173033e+001	1.10206904e+000	
1.89382295e+001	1.10155709e+000	
1.89591558e+001	1.10121486e+000	
1.89800820e+001	1.10118206e+000	
1.90010082e+001	1.10059168e+000	
1.90219344e+001	1.09993066e+000	
1.90428606e+001	1.09925070e+000	
1.90637869e+001	1.09849029e+000	
1.90847131e+001	1.09783957e+000	
1.91056393e+001	1.09809177e+000	
1.91265655e+001	1.09831520e+000	
1.91474917e+001	1.09750128e+000	
1.91684180e+001	1.09668736e+000	
1.91893442e+001	1.10763193e+000	
1.92102704e+001	1.11938316e+000	
1.92311966e+001	1.12361932e+000	
1.92521228e+001	1.12665611e+000	
1.92730491e+001	1.12580573e+000	
1.92939753e+001	1.12386288e+000	
1.93149015e+001	1.12207591e+000	
1.93358277e+001	1.12035616e+000	
1.93567539e+001	1.11954033e+000	
1.93776802e+001	1.11859024e+000	
1.93986064e+001	1.11781442e+000	
1.94195326e+001	1.11719022e+000	
1.94404588e+001	1.11570005e+000	
1.94613850e+001	1.11294688e+000	
1.94823113e+001	1.11036677e+000	
1.95032375e+001	1.10859829e+000	
1.95241637e+001	1.10684897e+000	
1.95450899e+001	1.10519726e+000	
1.95660162e+001	1.10421319e+000	
1.95869424e+001	1.10267675e+000	
1.96078686e+001	1.10112817e+000	
1.96287948e+001	1.10012073e+000	
1.96497210e+001	1.09859731e+000	
1.96706473e+001	1.09722167e+000	
1.96915735e+001	1.09627300e+000	
1.97124997e+001	1.09461813e+000	
1.97334259e+001	1.09331132e+000	
1.97543521e+001	1.09232843e+000	
1.97752784e+001	1.09138875e+000	
1.97962046e+001	1.09022534e+000	
1.98171308e+001	1.08919444e+000	
1.98380570e+001	1.08756671e+000	
1.98589832e+001	1.08567707e+000	
1.98799095e+001	1.08107050e+000	
1.99008357e+001	1.07574211e+000	
1.99217619e+001	1.05730529e+000	
1.99426881e+001	8.91995693e-001	
1.99636143e+001	6.18617054e-001	
1.99845406e+001	3.70872350e-001	
2.00054668e+001	1.98329735e-001	
2.00263930e+001	1.44636816e-001	
2.00473192e+001	1.09962578e-001	
2.00682454e+001	1.23940539e-001	
2.00891717e+001	1.37918500e-001	
2.01100979e+001	1.51896460e-001	
2.01310241e+001	1.75202868e-001	
2.01519503e+001	2.71942070e-001	
2.01728765e+001	5.20864060e-001	
2.01938028e+001	7.84114051e-001	
2.02147290e+001	1.04736404e+000	
2.02356552e+001	1.08994363e+000	
2.02565814e+001	1.12913948e+000	
2.02775076e+001	1.13256146e+000	
2.02984339e+001	1.13505001e+000	
2.03193601e+001	1.13746683e+000	
2.03402863e+001	1.13974194e+000	
2.03612125e+001	1.14289686e+000	
2.03821387e+001	1.14606492e+000	
2.04030650e+001	1.14833915e+000	
2.04239912e+001	1.14940621e+000	
2.04449174e+001	1.15021674e+000	
2.04658436e+001	1.15068779e+000	
2.04867699e+001	1.15063134e+000	
2.05076961e+001	1.15037356e+000	
2.05286223e+001	1.15027120e+000	
2.05495485e+001	1.15043472e+000	
2.05704747e+001	1.15065353e+000	
2.05914010e+001	1.15071723e+000	
2.06123272e+001	1.15022425e+000	
2.06332534e+001	1.14940686e+000	
2.06541796e+001	1.14860951e+000	
2.06751058e+001	1.14793500e+000	
2.06960321e+001	1.14728438e+000	
2.07169583e+001	1.14692254e+000	
2.07378845e+001	1.14656070e+000	
2.07588107e+001	1.14593170e+000	
2.07797369e+001	1.14573470e+000	
2.08006632e+001	1.14527444e+000	
2.08215894e+001	1.14478890e+000	
2.08425156e+001	1.14245983e+000	
2.08634418e+001	1.13975465e+000	
2.08843680e+001	1.14330783e+000	
2.09052943e+001	1.14896398e+000	
2.09262205e+001	1.17830213e+000	
2.09471467e+001	1.22010210e+000	
2.09680729e+001	1.25551011e+000	
2.09889991e+001	1.28637532e+000	
2.10099254e+001	1.31185413e+000	
2.10308516e+001	1.33200755e+000	
2.10517778e+001	1.34338511e+000	
2.10727040e+001	1.34268469e+000	
2.10936302e+001	1.34000900e+000	
2.11145565e+001	1.33194443e+000	
2.11354827e+001	1.32419670e+000	
2.11564089e+001	1.31736527e+000	
2.11773351e+001	1.31001985e+000	
2.11982613e+001	1.30056771e+000	
2.12191876e+001	1.29271586e+000	
2.12401138e+001	1.28076911e+000	
2.12610400e+001	1.27208338e+000	
2.12819662e+001	1.26788400e+000	
2.13028925e+001	1.26488870e+000	
2.13238187e+001	1.26170255e+000	
2.13447449e+001	1.25718222e+000	
2.13656711e+001	1.25422298e+000	
2.13865973e+001	1.25190425e+000	
2.14075236e+001	1.24965765e+000	
2.14284498e+001	1.24886566e+000	
2.14493760e+001	1.24819997e+000	
2.14703022e+001	1.24746649e+000	
2.14912284e+001	1.24359976e+000	
2.15121547e+001	1.23780542e+000	
2.15330809e+001	1.21904105e+000	
2.15540071e+001	1.18747386e+000	
2.15749333e+001	1.16626693e+000	
2.15958595e+001	1.15951061e+000	
2.16167858e+001	1.15740290e+000	
2.16377120e+001	1.16565166e+000	
2.16586382e+001	1.15782135e+000	
2.16795644e+001	1.05603907e+000	
2.17004906e+001	8.14558437e-001	
2.17214169e+001	6.96373749e-001	
2.17423431e+001	5.78189061e-001	
2.17632693e+001	4.60004373e-001	
2.17841955e+001	3.40477805e-001	
2.18051217e+001	2.73745550e-001	
2.18260480e+001	2.07013294e-001	
2.18469742e+001	2.09588941e-001	
2.18679004e+001	2.16136092e-001	
2.18888266e+001	2.47732899e-001	
2.19097528e+001	2.62914503e-001	
2.19306791e+001	2.70856184e-001	
2.19516053e+001	2.78000972e-001	
2.19725315e+001	2.84215125e-001	
2.19934577e+001	2.89956577e-001	
2.20143839e+001	2.97657002e-001	
2.20353102e+001	3.06382909e-001	
2.20562364e+001	3.13315810e-001	
2.20771626e+001	3.18814497e-001	
2.20980888e+001	3.25518927e-001	
2.21190150e+001	3.33416633e-001	
2.21399413e+001	3.40384684e-001	
2.21608675e+001	3.46787270e-001	
2.21817937e+001	3.54007769e-001	
2.22027199e+001	3.60767020e-001	
2.22236462e+001	3.66834395e-001	
2.22445724e+001	3.73524946e-001	
2.22654986e+001	3.78263724e-001	
2.22864248e+001	3.83232246e-001	
2.23073510e+001	3.87991499e-001	
2.23282773e+001	3.92701287e-001	
2.23492035e+001	3.98044683e-001	
2.23701297e+001	4.02992940e-001	
2.23910559e+001	4.10558291e-001	
2.24119821e+001	4.14347825e-001	
2.24329084e+001	4.17594600e-001	
2.24538346e+001	4.21527171e-001	
2.24747608e+001	4.25632845e-001	
2.24956870e+001	4.29998073e-001	
2.25166132e+001	4.34822566e-001	
2.25375395e+001	4.39126297e-001	
2.25584657e+001	4.43130431e-001	
2.25793919e+001	4.49855374e-001	
2.26003181e+001	4.58781600e-001	
2.26212443e+001	4.65558261e-001	
2.26421706e+001	4.69919198e-001	
2.26630968e+001	4.76868341e-001	
2.26840230e+001	4.88048010e-001	
2.27049492e+001	4.99359188e-001	
2.27258754e+001	5.10964341e-001	
2.27468017e+001	5.20697349e-001	
2.27677279e+001	5.23983044e-001	
2.27886541e+001	5.27306582e-001	
2.28095803e+001	5.30856859e-001	
2.28305065e+001	5.34465887e-001	
2.28514328e+001	5.36559112e-001	
2.28723590e+001	5.38652336e-001	
2.28932852e+001	5.41266817e-001	
2.29142114e+001	5.43892484e-001	
2.29351376e+001	5.48158611e-001	
2.29560639e+001	5.51857202e-001	
2.29769901e+001	5.55923078e-001	
2.29979163e+001	5.59446018e-001	
2.30188425e+001	5.63425363e-001	
2.30397688e+001	5.67070856e-001	
2.30606950e+001	5.70939095e-001	
2.30816212e+001	5.75338082e-001	
2.31025474e+001	5.79672143e-001	
2.31234736e+001	5.84125154e-001	
2.31443999e+001	5.88257940e-001	
2.31653261e+001	5.91688067e-001	
2.31862523e+001	5.94887238e-001	
2.32071785e+001	6.00041284e-001	
2.32281047e+001	6.07519738e-001	
2.32490310e+001	6.13625864e-001	
2.32699572e+001	6.20715016e-001	
2.32908834e+001	6.29068731e-001	
2.33118096e+001	6.28873777e-001	
2.33327358e+001	6.21828291e-001	
2.33536621e+001	6.15937266e-001	
2.33745883e+001	6.26940384e-001	
2.33955145e+001	6.37943503e-001	
2.34164407e+001	6.85176266e-001	
2.34373669e+001	4.90582738e-001	
2.34582932e+001	3.82188306e-001	
2.34792194e+001	2.83039089e-001	
2.35001456e+001	1.83889871e-001	
2.35210718e+001	8.47406540e-002	
2.35419980e+001	-2.05849938e-002	
2.35629243e+001	-1.24056729e-001	
2.35838505e+001	-2.59016308e-001	
2.36047767e+001	-4.09626232e-001	
2.36257029e+001	-5.77859490e-001	
2.36466291e+001	-6.54012746e-001	
2.36675554e+001	-6.36599243e-001	
2.36884816e+001	-6.12862859e-001	
2.37094078e+001	-5.98662330e-001	
2.37303340e+001	-5.96318612e-001	
2.37512602e+001	-5.94220959e-001	
2.37721865e+001	-5.92835265e-001	
2.37931127e+001	-5.91754776e-001	
2.38140389e+001	-5.89973043e-001	
2.38349651e+001	-5.86911290e-001	
2.38558913e+001	-5.77959433e-001	
2.38768176e+001	-5.70014380e-001	
2.38977438e+001	-5.64296787e-001	
2.39186700e+001	-5.57485787e-001	
2.39395962e+001	-5.52282213e-001	
2.39605225e+001	-5.46127300e-001	
2.39814487e+001	-5.40093078e-001	
2.40023749e+001	-5.35209846e-001	
2.40233011e+001	-5.29512972e-001	
2.40442273e+001	-5.24716524e-001	
2.40651536e+001	-5.19519323e-001	
2.40860798e+001	-5.14708689e-001	
2.41070060e+001	-5.09995182e-001	
2.41279322e+001	-5.04133902e-001	
2.41488584e+001	-4.98782849e-001	
2.41697847e+001	-4.94165469e-001	
2.41907109e+001	-4.90361753e-001	
2.42116371e+001	-4.87306533e-001	
2.42325633e+001	-4.84166718e-001	
2.42534895e+001	-4.81286293e-001	
2.42744158e+001	-4.77791010e-001	
2.42953420e+001	-4.73188183e-001	
2.43162682e+001	-4.68229915e-001	
2.43371944e+001	-4.62334100e-001	
2.43581206e+001	-4.55643690e-001	
2.43790469e+001	-4.45634268e-001	
2.43999731e+001	-4.36679402e-001	
2.44208993e+001	-4.35600414e-001	
2.44418255e+001	-4.34371040e-001	
2.44627517e+001	-4.28117700e-001	
2.44836780e+001	-4.21864360e-001	
2.45046042e+001	-4.15652760e-001	
2.45255304e+001	-4.09443804e-001	
2.45464566e+001	-4.05310491e-001	
2.45673828e+001	-4.01500174e-001	
2.45883091e+001	-3.95792670e-001	
2.46092353e+001	-3.89256707e-001	
2.46301615e+001	-3.85208391e-001	
2.46510877e+001	-3.82219177e-001	
2.46720139e+001	-3.78086478e-001	
2.46929402e+001	-3.70997756e-001	
2.47138664e+001	-3.63191136e-001	
2.47347926e+001	-3.56658040e-001	
2.47557188e+001	-3.50697463e-001	
2.47766451e+001	-3.44980193e-001	
2.47975713e+001	-3.39366291e-001	
2.48184975e+001	-3.33393531e-001	
2.48394237e+001	-3.27387269e-001	
2.48603499e+001	-3.20507489e-001	
2.48812762e+001	-3.14460797e-001	
2.49022024e+001	-3.08155575e-001	
2.49231286e+001	-3.01728854e-001	
2.49440548e+001	-2.95868455e-001	
2.49649810e+001	-2.87125229e-001	
2.49859073e+001	-2.80836534e-001	
2.50068335e+001	-2.74547838e-001	
2.50277597e+001	-2.64637734e-001	
2.50486859e+001	-2.60288002e-001	
2.50696121e+001	-2.55809766e-001	
2.50905384e+001	-2.51250660e-001	
2.51114646e+001	-2.42182342e-001	
2.51323908e+001	-2.31979798e-001	
2.51533170e+001	-2.16504541e-001	
2.51742432e+001	-1.98294061e-001	
2.51951695e+001	-2.10846442e-001	
2.52160957e+001	-2.41185277e-001	
2.52370219e+001	-2.71524112e-001	
2.52579481e+001	-3.01862947e-001	
2.52788743e+001	-3.85765451e-001	
2.52998006e+001	-5.22416773e-001	
2.53207268e+001	-6.59068096e-001	
2.53416530e+001	-7.95719418e-001	
2.53625792e+001	-9.97862502e-001	
2.53835054e+001	-1.26141151e+000	
2.54044317e+001	-1.27747336e+000	
2.54253579e+001	-1.24766459e+000	
2.54462841e+001	-1.22122917e+000	
2.54672103e+001	-1.20776448e+000	
2.54881365e+001	-1.19440467e+000	
2.55090628e+001	-1.18314960e+000	
2.55299890e+001	-1.19601458e+000	
2.55509152e+001	-1.20329627e+000	
2.55718414e+001	-1.21046716e+000	
2.55927676e+001	-1.21281109e+000	
2.56136939e+001	-1.21342661e+000	
2.56346201e+001	-1.21397532e+000	
2.56555463e+001	-1.21476350e+000	
2.56764725e+001	-1.21638231e+000	
2.56973988e+001	-1.21898782e+000	
2.57183250e+001	-1.22149768e+000	
2.57392512e+001	-1.22397975e+000	
2.57601774e+001	-1.22680985e+000	
2.57811036e+001	-1.23092864e+000	
2.58020299e+001	-1.23683007e+000	
2.58229561e+001	-1.24230159e+000	
2.58438823e+001	-1.24767866e+000	
2.58648085e+001	-1.25452379e+000	
2.58857347e+001	-1.25925270e+000	
2.59066610e+001	-1.26192339e+000	
2.59275872e+001	-1.26636766e+000	
2.59485134e+001	-1.27633512e+000	
2.59694396e+001	-1.28465325e+000	
2.59903658e+001	-1.28665785e+000	
2.60112921e+001	-1.28763249e+000	
2.60322183e+001	-1.27662451e+000	
2.60531445e+001	-1.26561653e+000	
2.60740707e+001	-1.24756226e+000	
2.60949969e+001	-1.22948889e+000	
2.61159232e+001	-1.19965155e+000	
2.61368494e+001	-1.16872532e+000	
2.61577756e+001	-1.15192852e+000	
2.61787018e+001	-1.13746161e+000	
2.61996280e+001	-1.13347284e+000	
2.62205543e+001	-1.13294919e+000	
2.62414805e+001	-1.13264586e+000	
2.62624067e+001	-1.13245128e+000	
2.62833329e+001	-1.13221674e+000	
2.63042591e+001	-1.13195416e+000	
2.63251854e+001	-1.13204772e+000	
2.63461116e+001	-1.13165007e+000	
2.63670378e+001	-1.13099423e+000	
2.63879640e+001	-1.12998697e+000	
2.64088902e+001	-1.12874682e+000	
2.64298165e+001	-1.12718021e+000	
2.64507427e+001	-1.12566275e+000	
2.64716689e+001	-1.12359305e+000	
2.64925951e+001	-1.12211423e+000	
2.65135214e+001	-1.12091721e+000	
2.65344476e+001	-1.11944865e+000	
2.65553738e+001	-1.11843687e+000	
2.65763000e+001	-1.11736050e+000	
2.65972262e+001	-1.11589667e+000	
2.66181525e+001	-1.11470905e+000	
2.66390787e+001	-1.11209618e+000	
2.66600049e+001	-1.10894392e+000	
2.66809311e+001	-1.10616300e+000	
2.67018573e+001	-1.10152142e+000	
2.67227836e+001	-1.09767075e+000	
2.67437098e+001	-1.09421717e+000	
2.67646360e+001	-1.08922358e+000	
2.67855622e+001	-1.08364242e+000	
2.68064884e+001	-1.08072248e+000	
2.68274147e+001	-1.07950435e+000	
2.68483409e+001	-1.03967997e+000	
2.68692671e+001	-9.65526241e-001	
2.68901933e+001	-7.47308480e-001	
2.69111195e+001	-4.05348367e-001	
2.69320458e+001	-2.34333837e-001	
2.69529720e+001	-2.09360960e-001	
2.69738982e+001	-1.84388083e-001	
2.69948244e+001	-1.59415206e-001	
2.70157506e+001	-1.64722443e-001	
2.70366769e+001	-2.80015907e-001	
2.70576031e+001	-3.95309372e-001	
2.70785293e+001	-5.10602836e-001	
2.70994555e+001	-6.33940132e-001	
2.71203817e+001	-1.01117935e+000	
2.71413080e+001	-1.07243125e+000	
2.71622342e+001	-1.07605496e+000	
2.71831604e+001	-1.07674361e+000	
2.72040866e+001	-1.07817913e+000	
2.72250128e+001	-1.07907131e+000	
2.72459391e+001	-1.07976643e+000	
2.72668653e+001	-1.08025433e+000	
2.72877915e+001	-1.08071161e+000	
2.73087177e+001	-1.08117827e+000	
2.73296439e+001	-1.08179272e+000	
2.73505702e+001	-1.08245522e+000	
2.73714964e+001	-1.08325849e+000	
2.73924226e+001	-1.08383784e+000	
2.74133488e+001	-1.08461876e+000	
2.74342751e+001	-1.08542613e+000	
2.74552013e+001	-1.08606580e+000	
2.74761275e+001	-1.08683027e+000	
2.74970537e+001	-1.08790260e+000	
2.75179799e+001	-1.08878500e+000	
2.75389062e+001	-1.08973443e+000	
2.75598324e+001	-1.09103404e+000	
2.75807586e+001	-1.09200586e+000	
2.76016848e+001	-1.09439925e+000	
2.76226110e+001	-1.09716104e+000	
2.76435373e+001	-1.09778620e+000	
2.76644635e+001	-1.09841136e+000	
2.76853897e+001	-1.09976960e+000	
2.77063159e+001	-1.10115422e+000	
2.77272421e+001	-1.10220440e+000	
2.77481684e+001	-1.10364734e+000	
2.77690946e+001	-1.10511374e+000	
2.77900208e+001	-1.10658598e+000	
2.78109470e+001	-1.10612036e+000	
2.78318732e+001	-1.10489883e+000	
2.78527995e+001	-1.09866646e+000	
2.78737257e+001	-1.08958619e+000	
2.78946519e+001	-1.08811911e+000	
2.79155781e+001	-1.09270977e+000	
2.79365043e+001	-1.09493157e+000	
2.79574306e+001	-1.09451913e+000	
2.79783568e+001	-1.09428314e+000	
2.79992830e+001	-1.09432123e+000	
2.80202092e+001	-1.09442492e+000	
2.80411354e+001	-1.09467473e+000	
2.80620617e+001	-1.09529033e+000	
2.80829879e+001	-1.09539263e+000	
2.81039141e+001	-1.09549060e+000	
2.81248403e+001	-1.09556323e+000	
2.81457665e+001	-1.09564378e+000	
2.81666928e+001	-1.09583862e+000	
2.81876190e+001	-1.09595827e+000	
2.82085452e+001	-1.09606896e+000	
2.82294714e+001	-1.09622309e+000	
2.82503977e+001	-1.09638898e+000	
2.82713239e+001	-1.09656159e+000	
2.82922501e+001	-1.09671337e+000	
2.83131763e+001	-1.09682558e+000	
2.83341025e+001	-1.09700746e+000	
2.83550288e+001	-1.09717359e+000	
2.83759550e+001	-1.09730010e+000	
2.83968812e+001	-1.09749896e+000	
2.84178074e+001	-1.09745429e+000	
2.84387336e+001	-1.09765569e+000	
2.84596599e+001	-1.09785338e+000	
2.84805861e+001	-1.09804649e+000	
2.85015123e+001	-1.09823943e+000	
2.85224385e+001	-1.09844619e+000	
2.85433647e+001	-1.09980227e+000	
2.85642910e+001	-1.10348075e+000	
2.85852172e+001	-1.10254082e+000	
2.86061434e+001	-1.09014275e+000	
2.86270696e+001	-1.04021908e+000	
2.86479958e+001	-7.84312309e-001	
2.86689221e+001	-4.60439417e-001	
2.86898483e+001	-3.97076373e-001	
2.87107745e+001	-3.33713329e-001	
2.87317007e+001	-2.70350285e-001	
2.87526269e+001	-2.06987241e-001	
2.87735532e+001	-3.02173519e-001	
2.87944794e+001	-4.11722489e-001	
2.88154056e+001	-5.21271459e-001	
2.88363318e+001	-6.30820429e-001	
2.88572580e+001	-9.74751222e-001	
2.88781843e+001	-1.27943002e+000	
2.88991105e+001	-1.36803890e+000	
2.89200367e+001	-1.37372468e+000	
2.89409629e+001	-1.37516481e+000	
2.89618891e+001	-1.37224008e+000	
2.89828154e+001	-1.37036151e+000	
2.90037416e+001	-1.37017543e+000	
2.90246678e+001	-1.37065376e+000	
2.90455940e+001	-1.37098409e+000	
2.90665202e+001	-1.37072383e+000	
2.90874465e+001	-1.36996551e+000	
2.91083727e+001	-1.37121483e+000	
2.91292989e+001	-1.37254156e+000	
2.91502251e+001	-1.37357544e+000	
2.91711514e+001	-1.37480892e+000	
2.91920776e+001	-1.37589908e+000	
2.92130038e+001	-1.37609341e+000	
2.92339300e+001	-1.37866602e+000	
2.92548562e+001	-1.38134624e+000	
2.92757825e+001	-1.38287941e+000	
2.92967087e+001	-1.38656998e+000	
2.93176349e+001	-1.38784934e+000	
2.93385611e+001	-1.39109614e+000	
2.93594873e+001	-1.39711989e+000	
2.93804136e+001	-1.40269980e+000	
2.94013398e+001	-1.40798010e+000	
2.94222660e+001	-1.41935112e+000	
2.94431922e+001	-1.43349052e+000	
2.94641184e+001	-1.44067748e+000	
2.94850447e+001	-1.44389928e+000	
2.95059709e+001	-1.44615302e+000	
2.95268971e+001	-1.44752641e+000	
2.95478233e+001	-1.44845355e+000	
2.95687495e+001	-1.44881632e+000	
2.95896758e+001	-1.44611901e+000	
2.96106020e+001	-1.43797793e+000	
2.96315282e+001	-1.43463339e+000	
2.96524544e+001	-1.44371013e+000	
2.96733806e+001	-1.45099097e+000	
2.96943069e+001	-1.45089269e+000	
2.97152331e+001	-1.45064878e+000	
2.97361593e+001	-1.44927219e+000	
2.97570855e+001	-1.44790367e+000	
2.97780117e+001	-1.44677940e+000	
2.97989380e+001	-1.44565514e+000	
2.98198642e+001	-1.44305754e+000	
2.98407904e+001	-1.43985869e+000	
2.98617166e+001	-1.43686033e+000	
2.98826428e+001	-1.43389249e+000	
2.99035691e+001	-1.43008251e+000	
2.99244953e+001	-1.42741948e+000	
2.99454215e+001	-1.42510483e+000	
2.99663477e+001	-1.42202124e+000	
2.99872740e+001	-1.41935437e+000	
3.00082002e+001	-1.41781587e+000	
3.00291264e+001	-1.41631837e+000	
3.00500526e+001	-1.41502448e+000	
3.00709788e+001	-1.41399239e+000	
3.00919051e+001	-1.41262546e+000	
3.01128313e+001	-1.41132078e+000	
3.01337575e+001	-1.41013320e+000	
3.01546837e+001	-1.40906518e+000	
3.01756099e+001	-1.40829162e+000	
3.01965362e+001	-1.40748248e+000	
3.02174624e+001	-1.40753310e+000	
3.02383886e+001	-1.40751446e+000	
3.02593148e+001	-1.40709656e+000	
3.02802410e+001	-1.40743949e+000	
3.03011673e+001	-1.41035329e+000	
3.03220935e+001	-1.41326708e+000	
3.03430197e+001	-1.40515470e+000	
3.03639459e+001	-1.39753494e+000	
3.03848721e+001	-1.14223091e+000	
3.04057984e+001	-7.33664933e-001	
3.04267246e+001	-5.64580273e-001	
3.04476508e+001	-4.59854569e-001	
3.04685770e+001	-3.55128864e-001	
3.04895032e+001	-2.50403160e-001	
3.05104295e+001	-2.65232452e-001	
3.05313557e+001	-3.45254276e-001	
3.05522819e+001	-4.25276100e-001	
3.05732081e+001	-5.05297924e-001	
3.05941343e+001	-7.29926919e-001	
3.06150606e+001	-1.10641557e+000	
3.06359868e+001	-1.34099341e+000	
3.06569130e+001	-1.37246231e+000	
3.06778392e+001	-1.39353446e+000	
3.06987654e+001	-1.38886654e+000	
3.07196917e+001	-1.38482865e+000	
3.07406179e+001	-1.38338936e+000	
3.07615441e+001	-1.38397795e+000	
3.07824703e+001	-1.38432158e+000	
3.08033965e+001	-1.38451835e+000	
3.08243228e+001	-1.38267586e+000	
3.08452490e+001	-1.38335323e+000	
3.08661752e+001	-1.38550107e+000	
3.08871014e+001	-1.38688274e+000	
3.09080277e+001	-1.38827598e+000	
3.09289539e+001	-1.39006281e+000	
3.09498801e+001	-1.39073578e+000	
3.09708063e+001	-1.39274006e+000	
3.09917325e+001	-1.39579938e+000	
3.10126588e+001	-1.39799199e+000	
3.10335850e+001	-1.40098046e+000	
3.10545112e+001	-1.40359240e+000	
3.10754374e+001	-1.40649846e+000	
3.10963636e+001	-1.41162481e+000	
3.11172899e+001	-1.41781495e+000	
3.11382161e+001	-1.42373989e+000	
3.11591423e+001	-1.43420566e+000	
3.11800685e+001	-1.45121319e+000	
3.12009947e+001	-1.46355949e+000	
3.12219210e+001	-1.46733230e+000	
3.12428472e+001	-1.47039750e+000	
3.12637734e+001	-1.47129299e+000	
3.12846996e+001	-1.47205247e+000	
3.13056258e+001	-1.47211747e+000	
3.13265521e+001	-1.47108668e+000	
3.13474783e+001	-1.45778869e+000	
3.13684045e+001	-1.44449085e+000	
