% Column 0: Length, cm
% Column 1: B.n, Tesla
0.00000000e+000	-1.28862057e+000	
2.09262205e-002	-1.30202044e+000	
4.18524410e-002	-1.31542032e+000	
6.27786614e-002	-1.31708953e+000	
8.37048819e-002	-1.31771106e+000	
1.04631102e-001	-1.31756993e+000	
1.25557323e-001	-1.31727946e+000	
1.46483543e-001	-1.31714531e+000	
1.67409764e-001	-1.31706204e+000	
1.88335984e-001	-1.31623667e+000	
2.09262205e-001	-1.31436427e+000	
2.30188425e-001	-1.31255858e+000	
2.51114646e-001	-1.31079928e+000	
2.72040866e-001	-1.30906657e+000	
2.92967087e-001	-1.30781063e+000	
3.13893307e-001	-1.30665560e+000	
3.34819528e-001	-1.30509260e+000	
3.55745748e-001	-1.30390604e+000	
3.76671969e-001	-1.30294455e+000	
3.97598189e-001	-1.30217038e+000	
4.18524410e-001	-1.30143207e+000	
4.39450630e-001	-1.30102170e+000	
4.60376851e-001	-1.30028861e+000	
4.81303071e-001	-1.29975964e+000	
5.02229292e-001	-1.29914439e+000	
5.23155512e-001	-1.29907541e+000	
5.44081733e-001	-1.29926789e+000	
5.65007953e-001	-1.29902994e+000	
5.85934173e-001	-1.29936709e+000	
6.06860394e-001	-1.29974516e+000	
6.27786614e-001	-1.29988647e+000	
6.48712835e-001	-1.30052876e+000	
6.69639055e-001	-1.30448207e+000	
6.90565276e-001	-1.30938261e+000	
7.11491496e-001	-1.28828104e+000	
7.32417717e-001	-1.25660779e+000	
7.53343937e-001	-1.03698699e+000	
7.74270158e-001	-6.71817017e-001	
7.95196378e-001	-4.51290370e-001	
8.16122599e-001	-3.78209481e-001	
8.37048819e-001	-3.05128593e-001	
8.57975040e-001	-2.32047704e-001	
8.78901260e-001	-2.17724777e-001	
8.99827481e-001	-3.08869690e-001	
9.20753701e-001	-4.00014602e-001	
9.41679922e-001	-4.91159515e-001	
9.62606142e-001	-6.42202237e-001	
9.83532363e-001	-1.01588544e+000	
1.00445858e+000	-1.24636757e+000	
1.02538480e+000	-1.25189893e+000	
1.04631102e+000	-1.25790793e+000	
1.06723724e+000	-1.25466945e+000	
1.08816347e+000	-1.25143097e+000	
1.10908969e+000	-1.25124091e+000	
1.13001591e+000	-1.25141002e+000	
1.15094213e+000	-1.25153196e+000	
1.17186835e+000	-1.25164380e+000	
1.19279457e+000	-1.25148075e+000	
1.21372079e+000	-1.25158749e+000	
1.23464701e+000	-1.25222564e+000	
1.25557323e+000	-1.25252448e+000	
1.27649945e+000	-1.25282913e+000	
1.29742567e+000	-1.25316111e+000	
1.31835189e+000	-1.25319695e+000	
1.33927811e+000	-1.25344652e+000	
1.36020433e+000	-1.25416686e+000	
1.38113055e+000	-1.25469679e+000	
1.40205677e+000	-1.25524045e+000	
1.42298299e+000	-1.25614103e+000	
1.44390921e+000	-1.25669391e+000	
1.46483543e+000	-1.25804508e+000	
1.48576165e+000	-1.25991804e+000	
1.50668787e+000	-1.26139605e+000	
1.52761410e+000	-1.26317409e+000	
1.54854032e+000	-1.26692595e+000	
1.56946654e+000	-1.27010750e+000	
1.59039276e+000	-1.27091086e+000	
1.61131898e+000	-1.27171422e+000	
1.63224520e+000	-1.27229416e+000	
1.65317142e+000	-1.27286681e+000	
1.67409764e+000	-1.27254408e+000	
1.69502386e+000	-1.27210618e+000	
1.71595008e+000	-1.26573149e+000	
1.73687630e+000	-1.25791216e+000	
1.75780252e+000	-1.26118226e+000	
1.77872874e+000	-1.26871478e+000	
1.79965496e+000	-1.27155343e+000	
1.82058118e+000	-1.27175366e+000	
1.84150740e+000	-1.27146524e+000	
1.86243362e+000	-1.27079038e+000	
1.88335984e+000	-1.27024147e+000	
1.90428606e+000	-1.26983099e+000	
1.92521228e+000	-1.26939843e+000	
1.94613850e+000	-1.26779606e+000	
1.96706473e+000	-1.26621886e+000	
1.98799095e+000	-1.26469709e+000	
2.00891717e+000	-1.26304023e+000	
2.02984339e+000	-1.26112267e+000	
2.05076961e+000	-1.26004680e+000	
2.07169583e+000	-1.25907839e+000	
2.09262205e+000	-1.25768456e+000	
2.11354827e+000	-1.25664629e+000	
2.13447449e+000	-1.25637721e+000	
2.15540071e+000	-1.25559251e+000	
2.17632693e+000	-1.25537181e+000	
2.19725315e+000	-1.25490508e+000	
2.21817937e+000	-1.25447674e+000	
2.23910559e+000	-1.25402975e+000	
2.26003181e+000	-1.25377470e+000	
2.28095803e+000	-1.25329128e+000	
2.30188425e+000	-1.25300886e+000	
2.32281047e+000	-1.25300533e+000	
2.34373669e+000	-1.25317218e+000	
2.36466291e+000	-1.25321273e+000	
2.38558913e+000	-1.25326544e+000	
2.40651536e+000	-1.25467604e+000	
2.42744158e+000	-1.25738823e+000	
2.44836780e+000	-1.25611358e+000	
2.46929402e+000	-1.25096752e+000	
2.49022024e+000	-1.17459287e+000	
2.51114646e+000	-8.98690143e-001	
2.53207268e+000	-5.65458548e-001	
2.55299890e+000	-4.66581993e-001	
2.57392512e+000	-3.67705439e-001	
2.59485134e+000	-2.68828884e-001	
2.61577756e+000	-1.82545797e-001	
2.63670378e+000	-2.33349053e-001	
2.65763000e+000	-2.84152310e-001	
2.67855622e+000	-3.34955566e-001	
2.69948244e+000	-3.85758822e-001	
2.72040866e+000	-6.51164830e-001	
2.74133488e+000	-8.56307559e-001	
2.76226110e+000	-8.95871888e-001	
2.78318732e+000	-9.05434870e-001	
2.80411354e+000	-9.06130331e-001	
2.82503977e+000	-9.03211701e-001	
2.84596599e+000	-9.02095186e-001	
2.86689221e+000	-9.01871974e-001	
2.88781843e+000	-9.01684517e-001	
2.90874465e+000	-9.01513617e-001	
2.92967087e+000	-9.01317912e-001	
2.95059709e+000	-9.01111678e-001	
2.97152331e+000	-9.01118875e-001	
2.99244953e+000	-9.00908641e-001	
3.01337575e+000	-9.00737410e-001	
3.03430197e+000	-9.00530661e-001	
3.05522819e+000	-9.00307153e-001	
3.07615441e+000	-9.00142887e-001	
3.09708063e+000	-8.99944719e-001	
3.11800685e+000	-8.99736183e-001	
3.13893307e+000	-8.99524041e-001	
3.15985929e+000	-8.99298145e-001	
3.18078551e+000	-8.99095472e-001	
3.20171173e+000	-8.98948626e-001	
3.22263795e+000	-8.98675094e-001	
3.24356417e+000	-8.98493719e-001	
3.26449040e+000	-8.98318841e-001	
3.28541662e+000	-8.98135984e-001	
3.30634284e+000	-8.97951760e-001	
3.32726906e+000	-8.97401573e-001	
3.34819528e+000	-8.97168090e-001	
3.36912150e+000	-8.97055173e-001	
3.39004772e+000	-8.96996372e-001	
3.41097394e+000	-8.97162520e-001	
3.43190016e+000	-8.97473480e-001	
3.45282638e+000	-8.95641180e-001	
3.47375260e+000	-8.91881550e-001	
3.49467882e+000	-8.93103112e-001	
3.51560504e+000	-9.00582571e-001	
3.53653126e+000	-9.05747206e-001	
3.55745748e+000	-9.06838934e-001	
3.57838370e+000	-9.07392308e-001	
3.59930992e+000	-9.06565588e-001	
3.62023614e+000	-9.05805752e-001	
3.64116236e+000	-9.05315748e-001	
3.66208858e+000	-9.05200879e-001	
3.68301480e+000	-9.05020517e-001	
3.70394103e+000	-9.04839355e-001	
3.72486725e+000	-9.04635746e-001	
3.74579347e+000	-9.04432137e-001	
3.76671969e+000	-9.03674659e-001	
3.78764591e+000	-9.03011659e-001	
3.80857213e+000	-9.02581448e-001	
3.82949835e+000	-9.02053427e-001	
3.85042457e+000	-9.01668435e-001	
3.87135079e+000	-9.01284147e-001	
3.89227701e+000	-9.00807402e-001	
3.91320323e+000	-9.00360090e-001	
3.93412945e+000	-8.99949229e-001	
3.95505567e+000	-8.99469078e-001	
3.97598189e+000	-8.99024014e-001	
3.99690811e+000	-8.98634306e-001	
4.01783433e+000	-8.97962520e-001	
4.03876055e+000	-8.97459772e-001	
4.05968677e+000	-8.97031021e-001	
4.08061299e+000	-8.96678460e-001	
4.10153921e+000	-8.96306755e-001	
4.12246543e+000	-8.95860523e-001	
4.14339166e+000	-8.95359969e-001	
4.16431788e+000	-8.94970879e-001	
4.18524410e+000	-8.94215803e-001	
4.20617032e+000	-8.94715786e-001	
4.22709654e+000	-8.92317874e-001	
4.24802276e+000	-8.33745448e-001	
4.26894898e+000	-5.28440972e-001	
4.28987520e+000	-4.30691306e-001	
4.31080142e+000	-3.39515367e-001	
4.33172764e+000	-2.48339427e-001	
4.35265386e+000	-1.57163488e-001	
4.37358008e+000	-1.64615284e-001	
4.39450630e+000	-1.97300179e-001	
4.41543252e+000	-2.29985073e-001	
4.43635874e+000	-2.62669968e-001	
4.45728496e+000	-4.33869446e-001	
4.47821118e+000	-7.38364597e-001	
4.49913740e+000	-9.22418866e-001	
4.52006362e+000	-9.82483204e-001	
4.54098984e+000	-1.01499087e+000	
4.56191607e+000	-1.01633326e+000	
4.58284229e+000	-1.02030130e+000	
4.60376851e+000	-1.02848126e+000	
4.62469473e+000	-1.03614782e+000	
4.64562095e+000	-1.04187717e+000	
4.66654717e+000	-1.04827607e+000	
4.68747339e+000	-1.05607635e+000	
4.70839961e+000	-1.06094065e+000	
4.72932583e+000	-1.06738462e+000	
4.75025205e+000	-1.07397069e+000	
4.77117827e+000	-1.08056222e+000	
4.79210449e+000	-1.08700974e+000	
4.81303071e+000	-1.09462847e+000	
4.83395693e+000	-1.10093558e+000	
4.85488315e+000	-1.10789569e+000	
4.87580937e+000	-1.11455647e+000	
4.89673559e+000	-1.12180615e+000	
4.91766181e+000	-1.12876173e+000	
4.93858803e+000	-1.13619895e+000	
4.95951425e+000	-1.14577278e+000	
4.98044047e+000	-1.15317715e+000	
5.00136670e+000	-1.15902907e+000	
5.02229292e+000	-1.15657883e+000	
5.04321914e+000	-1.14802757e+000	
5.06414536e+000	-1.13593022e+000	
5.08507158e+000	-1.12051011e+000	
5.10599780e+000	-1.09933033e+000	
5.12692402e+000	-1.06994635e+000	
5.14785024e+000	-1.04041914e+000	
5.16877646e+000	-1.01060402e+000	
5.18970268e+000	-9.83492097e-001	
5.21062890e+000	-9.64551717e-001	
5.23155512e+000	-9.50042451e-001	
5.25248134e+000	-9.56970048e-001	
5.27340756e+000	-9.64550793e-001	
5.29433378e+000	-9.79174650e-001	
5.31526000e+000	-9.93804835e-001	
5.33618622e+000	-1.01086153e+000	
5.35711244e+000	-1.02791822e+000	
5.37803866e+000	-1.04414240e+000	
5.39896488e+000	-1.06029462e+000	
5.41989110e+000	-1.07597171e+000	
5.44081733e+000	-1.09135398e+000	
5.46174355e+000	-1.10569699e+000	
5.48266977e+000	-1.11970661e+000	
5.50359599e+000	-1.14330495e+000	
5.52452221e+000	-1.16520129e+000	
5.54544843e+000	-1.18002079e+000	
5.56637465e+000	-1.20131159e+000	
5.58730087e+000	-1.22934413e+000	
5.60822709e+000	-1.24891107e+000	
5.62915331e+000	-1.25289124e+000	
5.65007953e+000	-1.24775703e+000	
5.67100575e+000	-1.24197423e+000	
5.69193197e+000	-1.23650460e+000	
5.71285819e+000	-1.22156999e+000	
5.73378441e+000	-1.19564461e+000	
5.75471063e+000	-1.17276368e+000	
5.77563685e+000	-1.15008933e+000	
5.79656307e+000	-1.12409226e+000	
5.81748929e+000	-1.11006730e+000	
5.83841551e+000	-1.09600199e+000	
5.85934173e+000	-1.07989408e+000	
5.88026796e+000	-1.05537481e+000	
5.90119418e+000	-1.03997281e+000	
5.92212040e+000	-1.02519115e+000	
5.94304662e+000	-1.00694006e+000	
5.96397284e+000	-9.88433060e-001	
5.98489906e+000	-9.83426422e-001	
6.00582528e+000	-8.23012247e-001	
6.02675150e+000	-6.18305777e-001	
6.04767772e+000	-4.19814015e-001	
6.06860394e+000	-3.02895575e-001	
6.08953016e+000	-2.38181610e-001	
6.11045638e+000	-2.01113292e-001	
6.13138260e+000	-1.90239935e-001	
6.15230882e+000	-2.00693694e-001	
6.17323504e+000	-2.37661685e-001	
6.19416126e+000	-2.80522585e-001	
6.21508748e+000	-3.19618959e-001	
6.23601370e+000	-3.29673403e-001	
6.25693992e+000	-3.40682397e-001	
6.27786614e+000	-3.49822275e-001	
6.29879237e+000	-3.50950229e-001	
6.31971859e+000	-3.51925759e-001	
6.34064481e+000	-3.51772051e-001	
6.36157103e+000	-3.51735433e-001	
6.38249725e+000	-3.51724481e-001	
6.40342347e+000	-3.51713528e-001	
6.42434969e+000	-3.51690443e-001	
6.44527591e+000	-3.51642534e-001	
6.46620213e+000	-3.51675959e-001	
6.48712835e+000	-3.51593532e-001	
6.50805457e+000	-3.51484136e-001	
6.52898079e+000	-3.51385379e-001	
6.54990701e+000	-3.51270638e-001	
6.57083323e+000	-3.51165511e-001	
6.59175945e+000	-3.51059294e-001	
6.61268567e+000	-3.50939521e-001	
6.63361189e+000	-3.50799987e-001	
6.65453811e+000	-3.50673854e-001	
6.67546433e+000	-3.50549910e-001	
6.69639055e+000	-3.50426805e-001	
6.71731677e+000	-3.50293124e-001	
6.73824300e+000	-3.50183160e-001	
6.75916922e+000	-3.50078706e-001	
6.78009544e+000	-3.49987189e-001	
6.80102166e+000	-3.49740407e-001	
6.82194788e+000	-3.49523571e-001	
6.84287410e+000	-3.49275418e-001	
6.86380032e+000	-3.48826165e-001	
6.88472654e+000	-3.48419534e-001	
6.90565276e+000	-3.48778373e-001	
6.92657898e+000	-3.49137211e-001	
6.94750520e+000	-3.54557807e-001	
6.96843142e+000	-3.60130876e-001	
6.98935764e+000	-3.68898468e-001	
7.01028386e+000	-3.78206393e-001	
7.03121008e+000	-3.87247505e-001	
7.05213630e+000	-3.96225001e-001	
7.07306252e+000	-4.04853374e-001	
7.09398874e+000	-4.13348784e-001	
7.11491496e+000	-4.15665890e-001	
7.13584118e+000	-4.14553919e-001	
7.15676740e+000	-4.13014372e-001	
7.17769363e+000	-4.10808484e-001	
7.19861985e+000	-4.09196229e-001	
7.21954607e+000	-4.08229271e-001	
7.24047229e+000	-4.07194800e-001	
7.26139851e+000	-4.05597251e-001	
7.28232473e+000	-4.03261787e-001	
7.30325095e+000	-4.01302349e-001	
7.32417717e+000	-3.99828556e-001	
7.34510339e+000	-3.98348452e-001	
7.36602961e+000	-3.97062692e-001	
7.38695583e+000	-3.95615712e-001	
7.40788205e+000	-3.94412095e-001	
7.42880827e+000	-3.93261275e-001	
7.44973449e+000	-3.92300432e-001	
7.47066071e+000	-3.91453846e-001	
7.49158693e+000	-3.90616597e-001	
7.51251315e+000	-3.89866155e-001	
7.53343937e+000	-3.88998815e-001	
7.55436559e+000	-3.88314071e-001	
7.57529181e+000	-3.87675907e-001	
7.59621803e+000	-3.86788876e-001	
7.61714426e+000	-3.86311079e-001	
7.63807048e+000	-3.86542522e-001	
7.65899670e+000	-3.87030539e-001	
7.67992292e+000	-3.88639042e-001	
7.70084914e+000	-3.91465751e-001	
7.72177536e+000	-3.86240048e-001	
7.74270158e+000	-3.19672906e-001	
7.76362780e+000	-2.19059162e-001	
7.78455402e+000	-1.60509601e-001	
7.80548024e+000	-1.01960039e-001	
7.82640646e+000	-4.34104771e-002	
7.84733268e+000	1.82532418e-002	
7.86825890e+000	8.19457571e-002	
7.88918512e+000	1.45638272e-001	
7.91011134e+000	2.09330788e-001	
7.93103756e+000	2.80277079e-001	
7.95196378e+000	4.21724845e-001	
7.97289000e+000	4.31138963e-001	
7.99381622e+000	4.26725112e-001	
8.01474244e+000	4.22311260e-001	
8.03566867e+000	4.21010239e-001	
8.05659489e+000	4.19666553e-001	
8.07752111e+000	4.19032568e-001	
8.09844733e+000	4.18105622e-001	
8.11937355e+000	4.17189057e-001	
8.14029977e+000	4.16310031e-001	
8.16122599e+000	4.15016645e-001	
8.18215221e+000	4.13770675e-001	
8.20307843e+000	4.12650869e-001	
8.22400465e+000	4.11515415e-001	
8.24493087e+000	4.10598270e-001	
8.26585709e+000	4.09764051e-001	
8.28678331e+000	4.08928271e-001	
8.30770953e+000	4.08089265e-001	
8.32863575e+000	4.07311449e-001	
8.34956197e+000	4.06525557e-001	
8.37048819e+000	4.05639080e-001	
8.39141441e+000	4.04911140e-001	
8.41234063e+000	4.04141077e-001	
8.43326685e+000	4.03465364e-001	
8.45419307e+000	4.02702484e-001	
8.47511930e+000	4.02031107e-001	
8.49604552e+000	4.01360298e-001	
8.51697174e+000	4.00715654e-001	
8.53789796e+000	4.00071009e-001	
8.55882418e+000	3.99697851e-001	
8.57975040e+000	3.99494349e-001	
8.60067662e+000	3.99364783e-001	
8.62160284e+000	3.99247556e-001	
8.64252906e+000	3.98367856e-001	
8.66345528e+000	3.97266733e-001	
8.68438150e+000	3.94572635e-001	
8.70530772e+000	3.91173462e-001	
8.72623394e+000	3.91238211e-001	
8.74716016e+000	3.93491964e-001	
8.76808638e+000	3.94276534e-001	
8.78901260e+000	3.93753169e-001	
8.80993882e+000	3.92313364e-001	
8.83086504e+000	3.89741001e-001	
8.85179126e+000	3.87671336e-001	
8.87271748e+000	3.86475150e-001	
8.89364370e+000	3.85305249e-001	
8.91456993e+000	3.83647108e-001	
8.93549615e+000	3.81963734e-001	
8.95642237e+000	3.80180134e-001	
8.97734859e+000	3.78363091e-001	
8.99827481e+000	3.76339126e-001	
9.01920103e+000	3.74766359e-001	
9.04012725e+000	3.72910516e-001	
9.06105347e+000	3.71293198e-001	
9.08197969e+000	3.69271697e-001	
9.10290591e+000	3.67596250e-001	
9.12383213e+000	3.65784575e-001	
9.14475835e+000	3.63837192e-001	
9.16568457e+000	3.61840198e-001	
9.18661079e+000	3.59732552e-001	
9.20753701e+000	3.57784113e-001	
9.22846323e+000	3.55723748e-001	
9.24938945e+000	3.53708624e-001	
9.27031567e+000	3.51448532e-001	
9.29124189e+000	3.49240573e-001	
9.31216811e+000	3.47330219e-001	
9.33309433e+000	3.44715806e-001	
9.35402056e+000	3.42031089e-001	
9.37494678e+000	3.40556444e-001	
9.39587300e+000	3.39398780e-001	
9.41679922e+000	3.37679828e-001	
9.43772544e+000	3.35154009e-001	
9.45865166e+000	3.30481151e-001	
9.47957788e+000	3.08239579e-001	
9.50050410e+000	2.49696751e-001	
9.52143032e+000	2.51821534e-001	
9.54235654e+000	2.53946316e-001	
9.56328276e+000	2.56071099e-001	
9.58420898e+000	2.58195881e-001	
9.60513520e+000	3.64025434e-001	
9.62606142e+000	4.70987029e-001	
9.64698764e+000	5.77948623e-001	
9.66791386e+000	6.84910217e-001	
9.68884008e+000	9.41773009e-001	
9.70976630e+000	1.04671598e+000	
9.73069252e+000	1.05341535e+000	
9.75161874e+000	1.04452500e+000	
9.77254497e+000	1.04076335e+000	
9.79347119e+000	1.03882736e+000	
9.81439741e+000	1.03965529e+000	
9.83532363e+000	1.04611774e+000	
9.85624985e+000	1.05369226e+000	
9.87717607e+000	1.05901262e+000	
9.89810229e+000	1.06395311e+000	
9.91902851e+000	1.06794635e+000	
9.93995473e+000	1.07191907e+000	
9.96088095e+000	1.07656166e+000	
9.98180717e+000	1.08110725e+000	
1.00027334e+001	1.08562027e+000	
1.00236596e+001	1.09064679e+000	
1.00445858e+001	1.09542433e+000	
1.00655121e+001	1.10108960e+000	
1.00864383e+001	1.10598955e+000	
1.01073645e+001	1.11177841e+000	
1.01282907e+001	1.11779154e+000	
1.01492169e+001	1.12503774e+000	
1.01701432e+001	1.13376348e+000	
1.01910694e+001	1.13889554e+000	
1.02119956e+001	1.14312733e+000	
1.02329218e+001	1.14729093e+000	
1.02538480e+001	1.15544106e+000	
1.02747743e+001	1.16496964e+000	
1.02957005e+001	1.17084071e+000	
1.03166267e+001	1.17563726e+000	
1.03375529e+001	1.16797053e+000	
1.03584791e+001	1.15124693e+000	
1.03794054e+001	1.12986540e+000	
1.04003316e+001	1.10377480e+000	
1.04212578e+001	1.07433327e+000	
1.04421840e+001	1.04017482e+000	
1.04631102e+001	1.01531699e+000	
1.04840365e+001	1.00813637e+000	
1.05049627e+001	1.00350959e+000	
1.05258889e+001	1.00648349e+000	
1.05468151e+001	1.00937620e+000	
1.05677413e+001	1.01187078e+000	
1.05886676e+001	1.01436320e+000	
1.06095938e+001	1.01683319e+000	
1.06305200e+001	1.01964873e+000	
1.06514462e+001	1.02184342e+000	
1.06723724e+001	1.02403811e+000	
1.06932987e+001	1.02624355e+000	
1.07142249e+001	1.02844988e+000	
1.07351511e+001	1.03133501e+000	
1.07560773e+001	1.03451790e+000	
1.07770035e+001	1.03692505e+000	
1.07979298e+001	1.03932604e+000	
1.08188560e+001	1.04222272e+000	
1.08397822e+001	1.04443403e+000	
1.08607084e+001	1.04621997e+000	
1.08816347e+001	1.04827828e+000	
1.09025609e+001	1.05017725e+000	
1.09234871e+001	1.05211279e+000	
1.09444133e+001	1.05451830e+000	
1.09653395e+001	1.05631422e+000	
1.09862658e+001	1.05675642e+000	
1.10071920e+001	1.05739338e+000	
1.10281182e+001	1.05800207e+000	
1.10490444e+001	1.05848941e+000	
1.10699706e+001	1.05904160e+000	
1.10908969e+001	1.06047568e+000	
1.11118231e+001	1.06153430e+000	
1.11327493e+001	1.02906695e+000	
1.11536755e+001	9.93370877e-001	
1.11746017e+001	7.51678233e-001	
1.11955280e+001	5.09985589e-001	
1.12164542e+001	2.83162161e-001	
1.12373804e+001	1.85164077e-001	
1.12583066e+001	1.57626439e-001	
1.12792328e+001	1.39362920e-001	
1.13001591e+001	1.21099402e-001	
1.13210853e+001	1.02835883e-001	
1.13420115e+001	1.26805306e-001	
1.13629377e+001	1.68070405e-001	
1.13838639e+001	3.06255046e-001	
1.14047902e+001	5.05765571e-001	
1.14257164e+001	7.25327006e-001	
1.14466426e+001	8.57409338e-001	
1.14675688e+001	8.71490553e-001	
1.14884950e+001	8.75251520e-001	
1.15094213e+001	8.78594744e-001	
1.15303475e+001	8.80014974e-001	
1.15512737e+001	8.81270354e-001	
1.15721999e+001	8.82134256e-001	
1.15931261e+001	8.83024663e-001	
1.16140524e+001	8.83743512e-001	
1.16349786e+001	8.84504400e-001	
1.16559048e+001	8.85569954e-001	
1.16768310e+001	8.86812165e-001	
1.16977572e+001	8.87484288e-001	
1.17186835e+001	8.88411392e-001	
1.17396097e+001	8.89446039e-001	
1.17605359e+001	8.90172597e-001	
1.17814621e+001	8.91161255e-001	
1.18023884e+001	8.92133388e-001	
1.18233146e+001	8.92872582e-001	
1.18442408e+001	8.93830260e-001	
1.18651670e+001	8.94762730e-001	
1.18860932e+001	8.95717672e-001	
1.19070195e+001	8.97104770e-001	
1.19279457e+001	8.98572461e-001	
1.19488719e+001	8.99327908e-001	
1.19697981e+001	8.99598770e-001	
1.19907243e+001	8.99996226e-001	
1.20116506e+001	9.00539185e-001	
1.20325768e+001	9.00950934e-001	
1.20535030e+001	9.02058069e-001	
1.20744292e+001	9.03251421e-001	
1.20953554e+001	9.04644660e-001	
1.21162817e+001	9.05179072e-001	
1.21372079e+001	9.02657683e-001	
1.21581341e+001	8.99162525e-001	
1.21790603e+001	8.89565857e-001	
1.21999865e+001	8.80623268e-001	
1.22209128e+001	8.81251790e-001	
1.22418390e+001	8.81880313e-001	
1.22627652e+001	8.81723980e-001	
1.22836914e+001	8.81545857e-001	
1.23046176e+001	8.82087365e-001	
1.23255439e+001	8.82716305e-001	
1.23464701e+001	8.83381171e-001	
1.23673963e+001	8.84054460e-001	
1.23883225e+001	8.85038477e-001	
1.24092487e+001	8.85703145e-001	
1.24301750e+001	8.86354368e-001	
1.24511012e+001	8.86998254e-001	
1.24720274e+001	8.87764415e-001	
1.24929536e+001	8.88444264e-001	
1.25138798e+001	8.89119735e-001	
1.25348061e+001	8.89878283e-001	
1.25557323e+001	8.90554737e-001	
1.25766585e+001	8.91237574e-001	
1.25975847e+001	8.91991532e-001	
1.26185110e+001	8.92568761e-001	
1.26394372e+001	8.93249788e-001	
1.26603634e+001	8.94049503e-001	
1.26812896e+001	8.94603691e-001	
1.27022158e+001	8.95297517e-001	
1.27231421e+001	8.95846707e-001	
1.27440683e+001	8.96380996e-001	
1.27649945e+001	8.97215515e-001	
1.27859207e+001	8.97764443e-001	
1.28068469e+001	8.98310575e-001	
1.28277732e+001	8.99084179e-001	
1.28486994e+001	9.00308480e-001	
1.28696256e+001	9.03814482e-001	
1.28905518e+001	9.07786255e-001	
1.29114780e+001	8.78952075e-001	
1.29324043e+001	8.39596803e-001	
1.29533305e+001	6.50529437e-001	
1.29742567e+001	4.08684695e-001	
1.29951829e+001	2.95922582e-001	
1.30161091e+001	2.66109893e-001	
1.30370354e+001	2.36297204e-001	
1.30579616e+001	2.06484516e-001	
1.30788878e+001	2.42061808e-001	
1.30998140e+001	3.68986376e-001	
1.31207402e+001	4.95910944e-001	
1.31416665e+001	6.22835511e-001	
1.31625927e+001	8.17484363e-001	
1.31835189e+001	1.15024421e+000	
1.32044451e+001	1.23460621e+000	
1.32253713e+001	1.23264937e+000	
1.32462976e+001	1.23155915e+000	
1.32672238e+001	1.23169564e+000	
1.32881500e+001	1.23183513e+000	
1.33090762e+001	1.23240342e+000	
1.33300024e+001	1.23312794e+000	
1.33509287e+001	1.23373326e+000	
1.33718549e+001	1.23432843e+000	
1.33927811e+001	1.23454671e+000	
1.34137073e+001	1.23534639e+000	
1.34346335e+001	1.23661516e+000	
1.34555598e+001	1.23752337e+000	
1.34764860e+001	1.23865203e+000	
1.34974122e+001	1.23968251e+000	
1.35183384e+001	1.24032190e+000	
1.35392647e+001	1.24150027e+000	
1.35601909e+001	1.24306317e+000	
1.35811171e+001	1.24439216e+000	
1.36020433e+001	1.24607609e+000	
1.36229695e+001	1.24793956e+000	
1.36438958e+001	1.25020922e+000	
1.36648220e+001	1.25501636e+000	
1.36857482e+001	1.25934540e+000	
1.37066744e+001	1.26044666e+000	
1.37276006e+001	1.26192133e+000	
1.37485269e+001	1.26501409e+000	
1.37694531e+001	1.26766049e+000	
1.37903793e+001	1.27042015e+000	
1.38113055e+001	1.27316918e+000	
1.38322317e+001	1.27548054e+000	
1.38531580e+001	1.27779191e+000	
1.38740842e+001	1.27670799e+000	
1.38950104e+001	1.27541358e+000	
1.39159366e+001	1.26630210e+000	
1.39368628e+001	1.25591634e+000	
1.39577891e+001	1.25779236e+000	
1.39787153e+001	1.26314284e+000	
1.39996415e+001	1.26440467e+000	
1.40205677e+001	1.26387818e+000	
1.40414939e+001	1.26363938e+000	
1.40624202e+001	1.26358153e+000	
1.40833464e+001	1.26360588e+000	
1.41042726e+001	1.26370250e+000	
1.41251988e+001	1.26390207e+000	
1.41461250e+001	1.26322454e+000	
1.41670513e+001	1.26251505e+000	
1.41879775e+001	1.26175073e+000	
1.42089037e+001	1.26095523e+000	
1.42298299e+001	1.26020126e+000	
1.42507561e+001	1.25982700e+000	
1.42716824e+001	1.25946972e+000	
1.42926086e+001	1.25902527e+000	
1.43135348e+001	1.25864681e+000	
1.43344610e+001	1.25873682e+000	
1.43553873e+001	1.25852790e+000	
1.43763135e+001	1.25860558e+000	
1.43972397e+001	1.25858059e+000	
1.44181659e+001	1.25855838e+000	
1.44390921e+001	1.25845555e+000	
1.44600184e+001	1.25879310e+000	
1.44809446e+001	1.25885130e+000	
1.45018708e+001	1.25901688e+000	
1.45227970e+001	1.25926154e+000	
1.45437232e+001	1.25956177e+000	
1.45646495e+001	1.25984188e+000	
1.45855757e+001	1.26021193e+000	
1.46065019e+001	1.26291441e+000	
1.46274281e+001	1.26747798e+000	
1.46483543e+001	1.26187274e+000	
1.46692806e+001	1.24635288e+000	
1.46902068e+001	1.11969123e+000	
1.47111330e+001	7.93095452e-001	
1.47320592e+001	5.10458592e-001	
1.47529854e+001	4.26527783e-001	
1.47739117e+001	3.42596975e-001	
1.47948379e+001	2.58666166e-001	
1.48157641e+001	2.00871503e-001	
1.48366903e+001	2.98589264e-001	
1.48576165e+001	3.96307026e-001	
1.48785428e+001	4.94024787e-001	
1.48994690e+001	5.91742548e-001	
1.49203952e+001	9.88464487e-001	
1.49413214e+001	1.24832385e+000	
1.49622476e+001	1.28003238e+000	
1.49831739e+001	1.28565094e+000	
1.50041001e+001	1.28526497e+000	
1.50250263e+001	1.28252710e+000	
1.50459525e+001	1.28185113e+000	
1.50668787e+001	1.28176411e+000	
1.50878050e+001	1.28181504e+000	
1.51087312e+001	1.28198486e+000	
1.51296574e+001	1.28232595e+000	
1.51505836e+001	1.28238141e+000	
1.51715098e+001	1.28234250e+000	
1.51924361e+001	1.28257394e+000	
1.52133623e+001	1.28349418e+000	
1.52342885e+001	1.28436798e+000	
1.52552147e+001	1.28499211e+000	
1.52761410e+001	1.28547116e+000	
1.52970672e+001	1.28712086e+000	
1.53179934e+001	1.28867050e+000	
1.53389196e+001	1.28981086e+000	
1.53598458e+001	1.29207973e+000	
1.53807721e+001	1.29311904e+000	
1.54016983e+001	1.29537468e+000	
1.54226245e+001	1.29933946e+000	
1.54435507e+001	1.30227982e+000	
1.54644769e+001	1.30521158e+000	
1.54854032e+001	1.31155867e+000	
1.55063294e+001	1.31824465e+000	
1.55272556e+001	1.32016347e+000	
1.55481818e+001	1.32157753e+000	
1.55691080e+001	1.32247108e+000	
1.55900343e+001	1.32318740e+000	
1.56109605e+001	1.32328796e+000	
1.56318867e+001	1.32307663e+000	
1.56528129e+001	1.31836085e+000	
1.56737391e+001	1.31041078e+000	
1.56946654e+001	1.31042386e+000	
1.57155916e+001	1.31839180e+000	
1.57365178e+001	1.32308872e+000	
1.57574440e+001	1.32323027e+000	
1.57783702e+001	1.32302678e+000	
1.57992965e+001	1.32214187e+000	
1.58202227e+001	1.32131488e+000	
1.58411489e+001	1.32065779e+000	
1.58620751e+001	1.32017388e+000	
1.58830013e+001	1.31785063e+000	
1.59039276e+001	1.31553588e+000	
1.59248538e+001	1.31330712e+000	
1.59457800e+001	1.31107123e+000	
1.59667062e+001	1.30799246e+000	
1.59876324e+001	1.30633042e+000	
1.60085587e+001	1.30459423e+000	
1.60294849e+001	1.30230045e+000	
1.60504111e+001	1.30061817e+000	
1.60713373e+001	1.29950747e+000	
1.60922636e+001	1.29810602e+000	
1.61131898e+001	1.29720511e+000	
1.61341160e+001	1.29616213e+000	
1.61550422e+001	1.29506190e+000	
1.61759684e+001	1.29400816e+000	
1.61968947e+001	1.29342734e+000	
1.62178209e+001	1.29294423e+000	
1.62387471e+001	1.29253511e+000	
1.62596733e+001	1.29221920e+000	
1.62805995e+001	1.29238353e+000	
1.63015258e+001	1.29240872e+000	
1.63224520e+001	1.29233242e+000	
1.63433782e+001	1.29324787e+000	
1.63643044e+001	1.29591972e+000	
1.63852306e+001	1.29629406e+000	
1.64061569e+001	1.29091438e+000	
1.64270831e+001	1.26148706e+000	
1.64480093e+001	1.01811412e+000	
1.64689355e+001	5.97831895e-001	
1.64898617e+001	5.01531645e-001	
1.65107880e+001	4.05231396e-001	
1.65317142e+001	3.08931146e-001	
1.65526404e+001	2.12630896e-001	
1.65735666e+001	2.99995836e-001	
1.65944928e+001	4.18098195e-001	
1.66154191e+001	5.36200554e-001	
1.66363453e+001	6.54302913e-001	
1.66572715e+001	9.18545451e-001	
1.66781977e+001	1.16252998e+000	
1.66991239e+001	1.24274125e+000	
1.67200502e+001	1.24797704e+000	
1.67409764e+001	1.25136607e+000	
1.67619026e+001	1.25191526e+000	
1.67828288e+001	1.25206809e+000	
1.68037550e+001	1.25162929e+000	
1.68246813e+001	1.25111013e+000	
1.68456075e+001	1.25072323e+000	
1.68665337e+001	1.25015612e+000	
1.68874599e+001	1.24930494e+000	
1.69083861e+001	1.24929556e+000	
1.69293124e+001	1.24909743e+000	
1.69502386e+001	1.24885118e+000	
1.69711648e+001	1.24856383e+000	
1.69920910e+001	1.24823196e+000	
1.70130173e+001	1.24740885e+000	
1.70339435e+001	1.24753381e+000	
1.70548697e+001	1.24767315e+000	
1.70757959e+001	1.24755426e+000	
1.70967221e+001	1.24789131e+000	
1.71176484e+001	1.24778688e+000	
1.71385746e+001	1.24865284e+000	
1.71595008e+001	1.24994297e+000	
1.71804270e+001	1.25066858e+000	
1.72013532e+001	1.25114892e+000	
1.72222795e+001	1.25336819e+000	
1.72432057e+001	1.25660022e+000	
1.72641319e+001	1.25796251e+000	
1.72850581e+001	1.25855273e+000	
1.73059843e+001	1.25921323e+000	
1.73269106e+001	1.25995377e+000	
1.73478368e+001	1.26016094e+000	
1.73687630e+001	1.25951978e+000	
1.73896892e+001	1.25736123e+000	
1.74106154e+001	1.25173453e+000	
1.74315417e+001	1.25005815e+000	
1.74524679e+001	1.26237731e+000	
1.74733941e+001	1.27322717e+000	
1.74943203e+001	1.27506490e+000	
1.75152465e+001	1.27667959e+000	
1.75361728e+001	1.27469650e+000	
1.75570990e+001	1.27271341e+000	
1.75780252e+001	1.27101712e+000	
1.75989514e+001	1.26932777e+000	
1.76198776e+001	1.26861105e+000	
1.76408039e+001	1.26749378e+000	
1.76617301e+001	1.26633537e+000	
1.76826563e+001	1.26516746e+000	
1.77035825e+001	1.26193361e+000	
1.77245087e+001	1.25848835e+000	
1.77454350e+001	1.25639338e+000	
1.77663612e+001	1.25437280e+000	
1.77872874e+001	1.25236804e+000	
1.78082136e+001	1.25109483e+000	
1.78291399e+001	1.24989922e+000	
1.78500661e+001	1.24855248e+000	
1.78709923e+001	1.24755127e+000	
1.78919185e+001	1.24636469e+000	
1.79128447e+001	1.24509123e+000	
1.79337710e+001	1.24411120e+000	
1.79546972e+001	1.24296461e+000	
1.79756234e+001	1.24189904e+000	
1.79965496e+001	1.24091992e+000	
1.80174758e+001	1.24051653e+000	
1.80384021e+001	1.24008775e+000	
1.80593283e+001	1.23934395e+000	
1.80802545e+001	1.23854984e+000	
1.81011807e+001	1.23839355e+000	
1.81221069e+001	1.23824173e+000	
1.81430332e+001	1.23963128e+000	
1.81639594e+001	1.24192413e+000	
1.81848856e+001	1.16324748e+000	
1.82058118e+001	8.12708816e-001	
1.82267380e+001	6.14670545e-001	
1.82476643e+001	4.91471668e-001	
1.82685905e+001	3.68272791e-001	
1.82895167e+001	2.45073914e-001	
1.83104429e+001	2.12377540e-001	
1.83313691e+001	2.43869237e-001	
1.83522954e+001	2.75360933e-001	
1.83732216e+001	3.06852629e-001	
1.83941478e+001	4.22428959e-001	
1.84150740e+001	6.65306938e-001	
1.84360002e+001	8.50961990e-001	
1.84569265e+001	8.88966768e-001	
1.84778527e+001	9.16828155e-001	
1.84987789e+001	9.12969555e-001	
1.85197051e+001	9.09556738e-001	
1.85406313e+001	9.08328458e-001	
1.85615576e+001	9.07538639e-001	
1.85824838e+001	9.06987749e-001	
1.86034100e+001	9.06434052e-001	
1.86243362e+001	9.05593764e-001	
1.86452624e+001	9.05054360e-001	
1.86661887e+001	9.04500306e-001	
1.86871149e+001	9.03802772e-001	
1.87080411e+001	9.03245261e-001	
1.87289673e+001	9.02440596e-001	
1.87498936e+001	9.01758338e-001	
1.87708198e+001	9.01183824e-001	
1.87917460e+001	9.00434204e-001	
1.88126722e+001	8.99757146e-001	
1.88335984e+001	8.99084649e-001	
1.88545247e+001	8.98330009e-001	
1.88754509e+001	8.97658764e-001	
1.88963771e+001	8.96984872e-001	
1.89173033e+001	8.96226608e-001	
1.89382295e+001	8.95589765e-001	
1.89591558e+001	8.94946234e-001	
1.89800820e+001	8.94290445e-001	
1.90010082e+001	8.93309173e-001	
1.90219344e+001	8.92633744e-001	
1.90428606e+001	8.91965899e-001	
1.90637869e+001	8.91330407e-001	
1.90847131e+001	8.90783013e-001	
1.91056393e+001	8.90960734e-001	
1.91265655e+001	8.91116361e-001	
1.91474917e+001	8.90476149e-001	
1.91684180e+001	8.89835937e-001	
1.91893442e+001	8.98865381e-001	
1.92102704e+001	9.08555669e-001	
1.92311966e+001	9.12084910e-001	
1.92521228e+001	9.14630880e-001	
1.92730491e+001	9.14091261e-001	
1.92939753e+001	9.12684445e-001	
1.93149015e+001	9.11486883e-001	
1.93358277e+001	9.10379577e-001	
1.93567539e+001	9.09978392e-001	
1.93776802e+001	9.09446372e-001	
1.93986064e+001	9.09054139e-001	
1.94195326e+001	9.08783528e-001	
1.94404588e+001	9.08032146e-001	
1.94613850e+001	9.06573742e-001	
1.94823113e+001	9.05193327e-001	
1.95032375e+001	9.04238387e-001	
1.95241637e+001	9.03304936e-001	
1.95450899e+001	9.02344989e-001	
1.95660162e+001	9.01605025e-001	
1.95869424e+001	9.00631879e-001	
1.96078686e+001	8.99636942e-001	
1.96287948e+001	8.98906220e-001	
1.96497210e+001	8.97864279e-001	
1.96706473e+001	8.96930303e-001	
1.96915735e+001	8.96252996e-001	
1.97124997e+001	8.94995542e-001	
1.97334259e+001	8.93907334e-001	
1.97543521e+001	8.93136061e-001	
1.97752784e+001	8.92408622e-001	
1.97962046e+001	8.91506996e-001	
1.98171308e+001	8.90626111e-001	
1.98380570e+001	8.89404234e-001	
1.98589832e+001	8.88038257e-001	
1.98799095e+001	8.84912719e-001	
1.99008357e+001	8.81476735e-001	
1.99217619e+001	8.66861955e-001	
1.99426881e+001	7.33301345e-001	
1.99636143e+001	5.12763952e-001	
1.99845406e+001	3.13109844e-001	
2.00054668e+001	1.74966155e-001	
2.00263930e+001	1.34033530e-001	
2.00473192e+001	1.11394033e-001	
2.00682454e+001	1.32060905e-001	
2.00891717e+001	1.52727776e-001	
2.01100979e+001	1.73394648e-001	
2.01310241e+001	2.03794396e-001	
2.01519503e+001	3.06440109e-001	
2.01728765e+001	5.29260807e-001	
2.01938028e+001	7.68217662e-001	
2.02147290e+001	1.00717452e+000	
2.02356552e+001	1.04211027e+000	
2.02565814e+001	1.07382835e+000	
2.02775076e+001	1.07229393e+000	
2.02984339e+001	1.07025544e+000	
2.03193601e+001	1.06921373e+000	
2.03402863e+001	1.06826937e+000	
2.03612125e+001	1.06700048e+000	
2.03821387e+001	1.06570513e+000	
2.04030650e+001	1.06483722e+000	
2.04239912e+001	1.06271617e+000	
2.04449174e+001	1.06000369e+000	
2.04658436e+001	1.05765722e+000	
2.04867699e+001	1.05493023e+000	
2.05076961e+001	1.05182111e+000	
2.05286223e+001	1.04937825e+000	
2.05495485e+001	1.04697382e+000	
2.05704747e+001	1.04402923e+000	
2.05914010e+001	1.04150360e+000	
2.06123272e+001	1.03872405e+000	
2.06332534e+001	1.03497704e+000	
2.06541796e+001	1.03146955e+000	
2.06751058e+001	1.02864017e+000	
2.06960321e+001	1.02583179e+000	
2.07169583e+001	1.02327735e+000	
2.07378845e+001	1.02072292e+000	
2.07588107e+001	1.01758863e+000	
2.07797369e+001	1.01479882e+000	
2.08006632e+001	1.01215547e+000	
2.08215894e+001	1.00952619e+000	
2.08425156e+001	1.00652416e+000	
2.08634418e+001	1.00344606e+000	
2.08843680e+001	1.00620154e+000	
2.09052943e+001	1.01091731e+000	
2.09262205e+001	1.03780118e+000	
2.09471467e+001	1.07622328e+000	
2.09680729e+001	1.10919144e+000	
2.09889991e+001	1.13828339e+000	
2.10099254e+001	1.16331045e+000	
2.10308516e+001	1.18431884e+000	
2.10517778e+001	1.19639572e+000	
2.10727040e+001	1.19618032e+000	
2.10936302e+001	1.19363328e+000	
2.11145565e+001	1.18487582e+000	
2.11354827e+001	1.17643733e+000	
2.11564089e+001	1.16892116e+000	
2.11773351e+001	1.16082880e+000	
2.11982613e+001	1.15048239e+000	
2.12191876e+001	1.14282982e+000	
2.12401138e+001	1.13249521e+000	
2.12610400e+001	1.12442841e+000	
2.12819662e+001	1.11801007e+000	
2.13028925e+001	1.11208896e+000	
2.13238187e+001	1.10674193e+000	
2.13447449e+001	1.09940748e+000	
2.13656711e+001	1.09368262e+000	
2.13865973e+001	1.08832567e+000	
2.14075236e+001	1.08292598e+000	
2.14284498e+001	1.07733341e+000	
2.14493760e+001	1.07062619e+000	
2.14703022e+001	1.06520530e+000	
2.14912284e+001	1.06175985e+000	
2.15121547e+001	1.05907665e+000	
2.15330809e+001	1.05216297e+000	
2.15540071e+001	1.04075141e+000	
2.15749333e+001	1.03016519e+000	
2.15958595e+001	1.02146006e+000	
2.16167858e+001	1.00245226e+000	
2.16377120e+001	9.65454722e-001	
2.16586382e+001	9.14260768e-001	
2.16795644e+001	7.96480441e-001	
2.17004906e+001	6.07813378e-001	
2.17214169e+001	5.21866242e-001	
2.17423431e+001	4.35919106e-001	
2.17632693e+001	3.49971970e-001	
2.17841955e+001	2.63834716e-001	
2.18051217e+001	2.28868664e-001	
2.18260480e+001	1.93902613e-001	
2.18469742e+001	2.29333234e-001	
2.18679004e+001	2.68798057e-001	
2.18888266e+001	3.29572938e-001	
2.19097528e+001	3.48488601e-001	
2.19306791e+001	3.52044706e-001	
2.19516053e+001	3.54030852e-001	
2.19725315e+001	3.55546665e-001	
2.19934577e+001	3.56613021e-001	
2.20143839e+001	3.58015085e-001	
2.20353102e+001	3.59597140e-001	
2.20562364e+001	3.60865954e-001	
2.20771626e+001	3.61881122e-001	
2.20980888e+001	3.63151568e-001	
2.21190150e+001	3.64704301e-001	
2.21399413e+001	3.66180004e-001	
2.21608675e+001	3.67464265e-001	
2.21817937e+001	3.68900722e-001	
2.22027199e+001	3.70252419e-001	
2.22236462e+001	3.71490981e-001	
2.22445724e+001	3.72860397e-001	
2.22654986e+001	3.73777268e-001	
2.22864248e+001	3.74639536e-001	
2.23073510e+001	3.75442641e-001	
2.23282773e+001	3.76244372e-001	
2.23492035e+001	3.77151407e-001	
2.23701297e+001	3.77954746e-001	
2.23910559e+001	3.79155652e-001	
2.24119821e+001	3.79753223e-001	
2.24329084e+001	3.80264287e-001	
2.24538346e+001	3.80848760e-001	
2.24747608e+001	3.81451772e-001	
2.24956870e+001	3.81964362e-001	
2.25166132e+001	3.82657855e-001	
2.25375395e+001	3.83560888e-001	
2.25584657e+001	3.84584552e-001	
2.25793919e+001	3.86631001e-001	
2.26003181e+001	3.89504921e-001	
2.26212443e+001	3.91497032e-001	
2.26421706e+001	3.92498423e-001	
2.26630968e+001	3.95929699e-001	
2.26840230e+001	4.03268968e-001	
2.27049492e+001	4.10678199e-001	
2.27258754e+001	4.18243292e-001	
2.27468017e+001	4.24175040e-001	
2.27677279e+001	4.24481337e-001	
2.27886541e+001	4.24510600e-001	
2.28095803e+001	4.22880861e-001	
2.28305065e+001	4.21474977e-001	
2.28514328e+001	4.20589005e-001	
2.28723590e+001	4.19703033e-001	
2.28932852e+001	4.18878904e-001	
2.29142114e+001	4.18056064e-001	
2.29351376e+001	4.16765735e-001	
2.29560639e+001	4.15925106e-001	
2.29769901e+001	4.15102787e-001	
2.29979163e+001	4.14336638e-001	
2.30188425e+001	4.13443182e-001	
2.30397688e+001	4.12672327e-001	
2.30606950e+001	4.12129696e-001	
2.30816212e+001	4.11636051e-001	
2.31025474e+001	4.11161914e-001	
2.31234736e+001	4.10680660e-001	
2.31443999e+001	4.10177403e-001	
2.31653261e+001	4.09586434e-001	
2.31862523e+001	4.08859145e-001	
2.32071785e+001	4.08600168e-001	
2.32281047e+001	4.08819057e-001	
2.32490310e+001	4.09054418e-001	
2.32699572e+001	4.09324360e-001	
2.32908834e+001	4.09404989e-001	
2.33118096e+001	4.08131260e-001	
2.33327358e+001	4.05970775e-001	
2.33536621e+001	4.04149927e-001	
2.33745883e+001	4.08881869e-001	
2.33955145e+001	4.13613811e-001	
2.34164407e+001	4.22842490e-001	
2.34373669e+001	2.92593324e-001	
2.34582932e+001	2.25867603e-001	
2.34792194e+001	1.65773443e-001	
2.35001456e+001	1.05679283e-001	
2.35210718e+001	4.55851233e-002	
2.35419980e+001	-1.35775804e-002	
2.35629243e+001	-7.07158155e-002	
2.35838505e+001	-1.47185570e-001	
2.36047767e+001	-2.33263507e-001	
2.36257029e+001	-3.33429545e-001	
2.36466291e+001	-3.93994193e-001	
2.36675554e+001	-4.01911390e-001	
2.36884816e+001	-3.98671329e-001	
2.37094078e+001	-3.96748212e-001	
2.37303340e+001	-3.96043975e-001	
2.37512602e+001	-3.95187644e-001	
2.37721865e+001	-3.94214515e-001	
2.37931127e+001	-3.93747469e-001	
2.38140389e+001	-3.93536986e-001	
2.38349651e+001	-3.93227256e-001	
2.38558913e+001	-3.92461884e-001	
2.38768176e+001	-3.91872061e-001	
2.38977438e+001	-3.91435327e-001	
2.39186700e+001	-3.90958301e-001	
2.39395962e+001	-3.90623680e-001	
2.39605225e+001	-3.90313555e-001	
2.39814487e+001	-3.90014691e-001	
2.40023749e+001	-3.89794554e-001	
2.40233011e+001	-3.89549876e-001	
2.40442273e+001	-3.89366034e-001	
2.40651536e+001	-3.89194682e-001	
2.40860798e+001	-3.89063676e-001	
2.41070060e+001	-3.88931784e-001	
2.41279322e+001	-3.88794002e-001	
2.41488584e+001	-3.88722859e-001	
2.41697847e+001	-3.88696958e-001	
2.41907109e+001	-3.88690244e-001	
2.42116371e+001	-3.88701179e-001	
2.42325633e+001	-3.88654587e-001	
2.42534895e+001	-3.88863309e-001	
2.42744158e+001	-3.89153047e-001	
2.42953420e+001	-3.89588733e-001	
2.43162682e+001	-3.89501876e-001	
2.43371944e+001	-3.88037083e-001	
2.43581206e+001	-3.85739715e-001	
2.43790469e+001	-3.79964313e-001	
2.43999731e+001	-3.74924001e-001	
2.44208993e+001	-3.75519374e-001	
2.44418255e+001	-3.76046820e-001	
2.44627517e+001	-3.74302024e-001	
2.44836780e+001	-3.72557228e-001	
2.45046042e+001	-3.70670571e-001	
2.45255304e+001	-3.68776115e-001	
2.45464566e+001	-3.67676702e-001	
2.45673828e+001	-3.66701023e-001	
2.45883091e+001	-3.65403924e-001	
2.46092353e+001	-3.63817223e-001	
2.46301615e+001	-3.62835774e-001	
2.46510877e+001	-3.62112008e-001	
2.46720139e+001	-3.61120699e-001	
2.46929402e+001	-3.59426128e-001	
2.47138664e+001	-3.57553571e-001	
2.47347926e+001	-3.55956151e-001	
2.47557188e+001	-3.54486636e-001	
2.47766451e+001	-3.53043938e-001	
2.47975713e+001	-3.51600836e-001	
2.48184975e+001	-3.50057552e-001	
2.48394237e+001	-3.48503887e-001	
2.48603499e+001	-3.46721261e-001	
2.48812762e+001	-3.45147572e-001	
2.49022024e+001	-3.43488711e-001	
2.49231286e+001	-3.41730796e-001	
2.49440548e+001	-3.40192621e-001	
2.49649810e+001	-3.37904029e-001	
2.49859073e+001	-3.36232232e-001	
2.50068335e+001	-3.34560434e-001	
2.50277597e+001	-3.31904955e-001	
2.50486859e+001	-3.30743267e-001	
2.50696121e+001	-3.29580951e-001	
2.50905384e+001	-3.28401439e-001	
2.51114646e+001	-3.26430949e-001	
2.51323908e+001	-3.24442639e-001	
2.51533170e+001	-3.13625423e-001	
2.51742432e+001	-2.64835835e-001	
2.51951695e+001	-2.43062446e-001	
2.52160957e+001	-2.46178134e-001	
2.52370219e+001	-2.49293822e-001	
2.52579481e+001	-2.52409510e-001	
2.52788743e+001	-3.05407666e-001	
2.52998006e+001	-4.10377626e-001	
2.53207268e+001	-5.15347586e-001	
2.53416530e+001	-6.20317545e-001	
2.53625792e+001	-7.81293006e-001	
2.53835054e+001	-1.00420896e+000	
2.54044317e+001	-1.04065847e+000	
2.54253579e+001	-1.03559423e+000	
2.54462841e+001	-1.03181146e+000	
2.54672103e+001	-1.03162611e+000	
2.54881365e+001	-1.03147548e+000	
2.55090628e+001	-1.03199131e+000	
2.55299890e+001	-1.03912767e+000	
2.55509152e+001	-1.04389549e+000	
2.55718414e+001	-1.04861631e+000	
2.55927676e+001	-1.05355161e+000	
2.56136939e+001	-1.05690850e+000	
2.56346201e+001	-1.06029240e+000	
2.56555463e+001	-1.06383790e+000	
2.56764725e+001	-1.06764774e+000	
2.56973988e+001	-1.07266191e+000	
2.57183250e+001	-1.07726846e+000	
2.57392512e+001	-1.08150331e+000	
2.57601774e+001	-1.08587230e+000	
2.57811036e+001	-1.09092727e+000	
2.58020299e+001	-1.09702483e+000	
2.58229561e+001	-1.10325657e+000	
2.58438823e+001	-1.10993315e+000	
2.58648085e+001	-1.11746847e+000	
2.58857347e+001	-1.12250953e+000	
2.59066610e+001	-1.12554101e+000	
2.59275872e+001	-1.13001323e+000	
2.59485134e+001	-1.13897233e+000	
2.59694396e+001	-1.14654317e+000	
2.59903658e+001	-1.15006246e+000	
2.60112921e+001	-1.15234478e+000	
2.60322183e+001	-1.14023532e+000	
2.60531445e+001	-1.12812586e+000	
2.60740707e+001	-1.10856787e+000	
2.60949969e+001	-1.08898980e+000	
2.61159232e+001	-1.06220655e+000	
2.61368494e+001	-1.03475631e+000	
2.61577756e+001	-1.02058338e+000	
2.61787018e+001	-1.00867568e+000	
2.61996280e+001	-1.00690866e+000	
2.62205543e+001	-1.00849532e+000	
2.62414805e+001	-1.01026397e+000	
2.62624067e+001	-1.01212236e+000	
2.62833329e+001	-1.01386521e+000	
2.63042591e+001	-1.01552699e+000	
2.63251854e+001	-1.01755143e+000	
2.63461116e+001	-1.01925656e+000	
2.63670378e+001	-1.02081697e+000	
2.63879640e+001	-1.02218058e+000	
2.64088902e+001	-1.02377365e+000	
2.64298165e+001	-1.02546635e+000	
2.64507427e+001	-1.02645104e+000	
2.64716689e+001	-1.02763161e+000	
2.64925951e+001	-1.02870210e+000	
2.65135214e+001	-1.02993377e+000	
2.65344476e+001	-1.03158482e+000	
2.65553738e+001	-1.03273177e+000	
2.65763000e+001	-1.03398372e+000	
2.65972262e+001	-1.03568793e+000	
2.66181525e+001	-1.03665597e+000	
2.66390787e+001	-1.03736342e+000	
2.66600049e+001	-1.03811320e+000	
2.66809311e+001	-1.03824631e+000	
2.67018573e+001	-1.03792558e+000	
2.67227836e+001	-1.03757929e+000	
2.67437098e+001	-1.03727123e+000	
2.67646360e+001	-1.03687307e+000	
2.67855622e+001	-1.03670436e+000	
2.68064884e+001	-1.03848096e+000	
2.68274147e+001	-1.04143481e+000	
2.68483409e+001	-1.01064494e+000	
2.68692671e+001	-9.50108046e-001	
2.68901933e+001	-7.57533991e-001	
2.69111195e+001	-4.38849689e-001	
2.69320458e+001	-2.62649085e-001	
2.69529720e+001	-2.29122695e-001	
2.69738982e+001	-1.95596305e-001	
2.69948244e+001	-1.62069915e-001	
2.70157506e+001	-1.54255891e-001	
2.70366769e+001	-2.45326007e-001	
2.70576031e+001	-3.36396122e-001	
2.70785293e+001	-4.27466238e-001	
2.70994555e+001	-5.25095750e-001	
2.71203817e+001	-8.29801053e-001	
2.71413080e+001	-8.85766307e-001	
2.71622342e+001	-8.88283009e-001	
2.71831604e+001	-8.88050740e-001	
2.72040866e+001	-8.88900997e-001	
2.72250128e+001	-8.89365574e-001	
2.72459391e+001	-8.89877516e-001	
2.72668653e+001	-8.90309740e-001	
2.72877915e+001	-8.90674712e-001	
2.73087177e+001	-8.91024756e-001	
2.73296439e+001	-8.91454350e-001	
2.73505702e+001	-8.91955353e-001	
2.73714964e+001	-8.92620260e-001	
2.73924226e+001	-8.93007107e-001	
2.74133488e+001	-8.93450489e-001	
2.74342751e+001	-8.93928009e-001	
2.74552013e+001	-8.94337449e-001	
2.74761275e+001	-8.94785890e-001	
2.74970537e+001	-8.95268734e-001	
2.75179799e+001	-8.95657880e-001	
2.75389062e+001	-8.96047700e-001	
2.75598324e+001	-8.96581888e-001	
2.75807586e+001	-8.97018662e-001	
2.76016848e+001	-8.97697295e-001	
2.76226110e+001	-8.98472285e-001	
2.76435373e+001	-8.98678780e-001	
2.76644635e+001	-8.98885275e-001	
2.76853897e+001	-8.99080686e-001	
2.77063159e+001	-8.99275706e-001	
2.77272421e+001	-8.99400644e-001	
2.77481684e+001	-8.99897171e-001	
2.77690946e+001	-9.00658483e-001	
2.77900208e+001	-9.01485429e-001	
2.78109470e+001	-9.00938521e-001	
2.78318732e+001	-8.99855691e-001	
2.78527995e+001	-8.94725897e-001	
2.78737257e+001	-8.87296022e-001	
2.78946519e+001	-8.86081980e-001	
2.79155781e+001	-8.89815518e-001	
2.79365043e+001	-8.91634829e-001	
2.79574306e+001	-8.91325453e-001	
2.79783568e+001	-8.91159677e-001	
2.79992830e+001	-8.91216965e-001	
2.80202092e+001	-8.91330628e-001	
2.80411354e+001	-8.91569889e-001	
2.80620617e+001	-8.92127975e-001	
2.80829879e+001	-8.92335118e-001	
2.81039141e+001	-8.92540020e-001	
2.81248403e+001	-8.92731838e-001	
2.81457665e+001	-8.92930679e-001	
2.81666928e+001	-8.93229104e-001	
2.81876190e+001	-8.93389338e-001	
2.82085452e+001	-8.93604514e-001	
2.82294714e+001	-8.93844428e-001	
2.82503977e+001	-8.94066465e-001	
2.82713239e+001	-8.94283795e-001	
2.82922501e+001	-8.94490673e-001	
2.83131763e+001	-8.94660008e-001	
2.83341025e+001	-8.94884517e-001	
2.83550288e+001	-8.95091159e-001	
2.83759550e+001	-8.95263241e-001	
2.83968812e+001	-8.95472973e-001	
2.84178074e+001	-8.95465392e-001	
2.84387336e+001	-8.95669467e-001	
2.84596599e+001	-8.95863408e-001	
2.84805861e+001	-8.96033203e-001	
2.85015123e+001	-8.96219037e-001	
2.85224385e+001	-8.96438934e-001	
2.85433647e+001	-8.97612829e-001	
2.85642910e+001	-9.00717478e-001	
2.85852172e+001	-8.99996097e-001	
2.86061434e+001	-8.89757210e-001	
2.86270696e+001	-8.48678778e-001	
2.86479958e+001	-6.38726713e-001	
2.86689221e+001	-3.75820735e-001	
2.86898483e+001	-3.26433611e-001	
2.87107745e+001	-2.77046487e-001	
2.87317007e+001	-2.27659363e-001	
2.87526269e+001	-1.78272239e-001	
2.87735532e+001	-2.67773728e-001	
2.87944794e+001	-3.69649557e-001	
2.88154056e+001	-4.71525386e-001	
2.88363318e+001	-5.73401215e-001	
2.88572580e+001	-8.87519296e-001	
2.88781843e+001	-1.16243101e+000	
2.88991105e+001	-1.24174372e+000	
2.89200367e+001	-1.24672305e+000	
2.89409629e+001	-1.24797768e+000	
2.89618891e+001	-1.24536151e+000	
2.89828154e+001	-1.24395720e+000	
2.90037416e+001	-1.24390181e+000	
2.90246678e+001	-1.24401140e+000	
2.90455940e+001	-1.24407998e+000	
2.90665202e+001	-1.24396959e+000	
2.90874465e+001	-1.24371418e+000	
2.91083727e+001	-1.24428040e+000	
2.91292989e+001	-1.24467201e+000	
2.91502251e+001	-1.24497800e+000	
2.91711514e+001	-1.24534070e+000	
2.91920776e+001	-1.24561121e+000	
2.92130038e+001	-1.24541392e+000	
2.92339300e+001	-1.24639408e+000	
2.92548562e+001	-1.24742352e+000	
2.92757825e+001	-1.24792571e+000	
2.92967087e+001	-1.24941470e+000	
2.93176349e+001	-1.24995473e+000	
2.93385611e+001	-1.25134717e+000	
2.93594873e+001	-1.25391631e+000	
2.93804136e+001	-1.25616343e+000	
2.94013398e+001	-1.25824364e+000	
2.94222660e+001	-1.26225314e+000	
2.94431922e+001	-1.26713956e+000	
2.94641184e+001	-1.26925926e+000	
2.94850447e+001	-1.27024644e+000	
2.95059709e+001	-1.27101552e+000	
2.95268971e+001	-1.27158635e+000	
2.95478233e+001	-1.27178817e+000	
2.95687495e+001	-1.27152333e+000	
2.95896758e+001	-1.26863557e+000	
2.96106020e+001	-1.26108168e+000	
2.96315282e+001	-1.25781557e+000	
2.96524544e+001	-1.26568949e+000	
2.96733806e+001	-1.27209606e+000	
2.96943069e+001	-1.27247279e+000	
2.97152331e+001	-1.27273638e+000	
2.97361593e+001	-1.27212041e+000	
2.97570855e+001	-1.27151393e+000	
2.97780117e+001	-1.27119446e+000	
2.97989380e+001	-1.27087500e+000	
2.98198642e+001	-1.27023748e+000	
2.98407904e+001	-1.26910179e+000	
2.98617166e+001	-1.26796024e+000	
2.98826428e+001	-1.26681782e+000	
2.99035691e+001	-1.26539368e+000	
2.99244953e+001	-1.26442275e+000	
2.99454215e+001	-1.26367872e+000	
2.99663477e+001	-1.26268808e+000	
2.99872740e+001	-1.26183956e+000	
3.00082002e+001	-1.26133851e+000	
3.00291264e+001	-1.26084519e+000	
3.00500526e+001	-1.26039517e+000	
3.00709788e+001	-1.26003302e+000	
3.00919051e+001	-1.25955421e+000	
3.01128313e+001	-1.25910409e+000	
3.01337575e+001	-1.25876219e+000	
3.01546837e+001	-1.25837882e+000	
3.01756099e+001	-1.25824087e+000	
3.01965362e+001	-1.25798988e+000	
3.02174624e+001	-1.25798421e+000	
3.02383886e+001	-1.25795888e+000	
3.02593148e+001	-1.25781577e+000	
3.02802410e+001	-1.25795521e+000	
3.03011673e+001	-1.26100458e+000	
3.03220935e+001	-1.26405395e+000	
3.03430197e+001	-1.25825355e+000	
3.03639459e+001	-1.25294301e+000	
3.03848721e+001	-1.03045423e+000	
3.04057984e+001	-6.63552906e-001	
3.04267246e+001	-5.10566748e-001	
3.04476508e+001	-4.15436165e-001	
3.04685770e+001	-3.20305582e-001	
3.04895032e+001	-2.25174999e-001	
3.05104295e+001	-2.39430652e-001	
3.05313557e+001	-3.14004615e-001	
3.05522819e+001	-3.88578578e-001	
3.05732081e+001	-4.63152541e-001	
3.05941343e+001	-6.71832354e-001	
3.06150606e+001	-1.02493838e+000	
3.06359868e+001	-1.24817376e+000	
3.06569130e+001	-1.27849184e+000	
3.06778392e+001	-1.29869644e+000	
3.06987654e+001	-1.29394071e+000	
3.07196917e+001	-1.29006492e+000	
3.07406179e+001	-1.28932743e+000	
3.07615441e+001	-1.28934845e+000	
3.07824703e+001	-1.28928740e+000	
3.08033965e+001	-1.28915362e+000	
3.08243228e+001	-1.28800998e+000	
3.08452490e+001	-1.28811066e+000	
3.08661752e+001	-1.28895833e+000	
3.08871014e+001	-1.28936445e+000	
3.09080277e+001	-1.28978061e+000	
3.09289539e+001	-1.29023443e+000	
3.09498801e+001	-1.29005185e+000	
3.09708063e+001	-1.29083823e+000	
3.09917325e+001	-1.29218810e+000	
3.10126588e+001	-1.29305805e+000	
3.10335850e+001	-1.29441895e+000	
3.10545112e+001	-1.29575715e+000	
3.10754374e+001	-1.29718809e+000	
3.10963636e+001	-1.29965125e+000	
3.11172899e+001	-1.30250377e+000	
3.11382161e+001	-1.30508774e+000	
3.11591423e+001	-1.30907017e+000	
3.11800685e+001	-1.31506733e+000	
3.12009947e+001	-1.31904207e+000	
3.12219210e+001	-1.32011690e+000	
3.12428472e+001	-1.32097684e+000	
3.12637734e+001	-1.32117798e+000	
3.12846996e+001	-1.32126511e+000	
3.13056258e+001	-1.32077014e+000	
3.13265521e+001	-1.31931760e+000	
3.13474783e+001	-1.30714510e+000	
3.13684045e+001	-1.29497272e+000	
