% Column 0: Length, cm
% Column 1: B.n, Tesla
0.00000000e+000	-1.10396342e+000	
2.09262205e-002	-1.11450719e+000	
4.18524410e-002	-1.12505104e+000	
6.27786614e-002	-1.12632606e+000	
8.37048819e-002	-1.12677314e+000	
1.04631102e-001	-1.12653651e+000	
1.25557323e-001	-1.12616596e+000	
1.46483543e-001	-1.12603698e+000	
1.67409764e-001	-1.12598673e+000	
1.88335984e-001	-1.12616920e+000	
2.09262205e-001	-1.12585235e+000	
2.30188425e-001	-1.12550545e+000	
2.51114646e-001	-1.12513771e+000	
2.72040866e-001	-1.12474351e+000	
2.92967087e-001	-1.12442501e+000	
3.13893307e-001	-1.12417819e+000	
3.34819528e-001	-1.12385771e+000	
3.55745748e-001	-1.12361546e+000	
3.76671969e-001	-1.12340316e+000	
3.97598189e-001	-1.12323378e+000	
4.18524410e-001	-1.12302773e+000	
4.39450630e-001	-1.12289903e+000	
4.60376851e-001	-1.12270378e+000	
4.81303071e-001	-1.12253475e+000	
5.02229292e-001	-1.12237484e+000	
5.23155512e-001	-1.12203745e+000	
5.44081733e-001	-1.12198029e+000	
5.65007953e-001	-1.12185924e+000	
5.85934173e-001	-1.12183830e+000	
6.06860394e-001	-1.12182446e+000	
6.27786614e-001	-1.12175660e+000	
6.48712835e-001	-1.12174216e+000	
6.69639055e-001	-1.12360171e+000	
6.90565276e-001	-1.12601415e+000	
7.11491496e-001	-1.12286078e+000	
7.32417717e-001	-1.11817638e+000	
7.53343937e-001	-9.94523427e-001	
7.74270158e-001	-6.96966349e-001	
7.95196378e-001	-4.76083436e-001	
8.16122599e-001	-3.91829097e-001	
8.37048819e-001	-3.07574758e-001	
8.57975040e-001	-2.23320420e-001	
8.78901260e-001	-2.05004256e-001	
8.99827481e-001	-3.05374032e-001	
9.20753701e-001	-4.05743807e-001	
9.41679922e-001	-5.06113582e-001	
9.62606142e-001	-6.41431135e-001	
9.83532363e-001	-9.01463228e-001	
1.00445858e+000	-1.04844129e+000	
1.02538480e+000	-1.05161935e+000	
1.04631102e+000	-1.05525218e+000	
1.06723724e+000	-1.05529730e+000	
1.08816347e+000	-1.05534242e+000	
1.10908969e+000	-1.05487039e+000	
1.13001591e+000	-1.05428437e+000	
1.15094213e+000	-1.05387543e+000	
1.17186835e+000	-1.05349436e+000	
1.19279457e+000	-1.05297016e+000	
1.21372079e+000	-1.05250272e+000	
1.23464701e+000	-1.05233130e+000	
1.25557323e+000	-1.05190595e+000	
1.27649945e+000	-1.05145975e+000	
1.29742567e+000	-1.05102665e+000	
1.31835189e+000	-1.05055829e+000	
1.33927811e+000	-1.05012877e+000	
1.36020433e+000	-1.04974658e+000	
1.38113055e+000	-1.04933117e+000	
1.40205677e+000	-1.04886771e+000	
1.42298299e+000	-1.04842930e+000	
1.44390921e+000	-1.04796630e+000	
1.46483543e+000	-1.04760194e+000	
1.48576165e+000	-1.04726137e+000	
1.50668787e+000	-1.04707992e+000	
1.52761410e+000	-1.04693655e+000	
1.54854032e+000	-1.04704369e+000	
1.56946654e+000	-1.04676986e+000	
1.59039276e+000	-1.04663908e+000	
1.61131898e+000	-1.04650829e+000	
1.63224520e+000	-1.04709378e+000	
1.65317142e+000	-1.04770293e+000	
1.67409764e+000	-1.04722772e+000	
1.69502386e+000	-1.04661304e+000	
1.71595008e+000	-1.04272090e+000	
1.73687630e+000	-1.03803160e+000	
1.75780252e+000	-1.04417034e+000	
1.77872874e+000	-1.05451839e+000	
1.79965496e+000	-1.05936314e+000	
1.82058118e+000	-1.06111464e+000	
1.84150740e+000	-1.06123135e+000	
1.86243362e+000	-1.06005517e+000	
1.88335984e+000	-1.05906961e+000	
1.90428606e+000	-1.05829353e+000	
1.92521228e+000	-1.05808384e+000	
1.94613850e+000	-1.05773918e+000	
1.96706473e+000	-1.05738754e+000	
1.98799095e+000	-1.05702050e+000	
2.00891717e+000	-1.05642156e+000	
2.02984339e+000	-1.05509504e+000	
2.05076961e+000	-1.05404459e+000	
2.07169583e+000	-1.05341261e+000	
2.09262205e+000	-1.05260133e+000	
2.11354827e+000	-1.05192078e+000	
2.13447449e+000	-1.05141418e+000	
2.15540071e+000	-1.05064005e+000	
2.17632693e+000	-1.05004152e+000	
2.19725315e+000	-1.04945128e+000	
2.21817937e+000	-1.04871582e+000	
2.23910559e+000	-1.04813502e+000	
2.26003181e+000	-1.04757378e+000	
2.28095803e+000	-1.04663447e+000	
2.30188425e+000	-1.04593380e+000	
2.32281047e+000	-1.04538659e+000	
2.34373669e+000	-1.04491123e+000	
2.36466291e+000	-1.04437352e+000	
2.38558913e+000	-1.04370738e+000	
2.40651536e+000	-1.04325025e+000	
2.42744158e+000	-1.04308190e+000	
2.44836780e+000	-1.04312593e+000	
2.46929402e+000	-1.04487503e+000	
2.49022024e+000	-1.02071608e+000	
2.51114646e+000	-8.64019616e-001	
2.53207268e+000	-5.71762018e-001	
2.55299890e+000	-4.66573579e-001	
2.57392512e+000	-3.61385140e-001	
2.59485134e+000	-2.56196702e-001	
2.61577756e+000	-1.61762566e-001	
2.63670378e+000	-1.86101652e-001	
2.65763000e+000	-2.10440738e-001	
2.67855622e+000	-2.34779823e-001	
2.69948244e+000	-2.59118909e-001	
2.72040866e+000	-4.27575688e-001	
2.74133488e+000	-6.29241497e-001	
2.76226110e+000	-6.87513385e-001	
2.78318732e+000	-7.17412263e-001	
2.80411354e+000	-7.22860302e-001	
2.82503977e+000	-7.19817488e-001	
2.84596599e+000	-7.18135339e-001	
2.86689221e+000	-7.17346102e-001	
2.88781843e+000	-7.16818722e-001	
2.90874465e+000	-7.16378363e-001	
2.92967087e+000	-7.15818360e-001	
2.95059709e+000	-7.15260397e-001	
2.97152331e+000	-7.14919959e-001	
2.99244953e+000	-7.14312339e-001	
3.01337575e+000	-7.13799605e-001	
3.03430197e+000	-7.13283706e-001	
3.05522819e+000	-7.12630203e-001	
3.07615441e+000	-7.12133118e-001	
3.09708063e+000	-7.11634712e-001	
3.11800685e+000	-7.10974487e-001	
3.13893307e+000	-7.10446378e-001	
3.15985929e+000	-7.09910134e-001	
3.18078551e+000	-7.09219563e-001	
3.20171173e+000	-7.08799918e-001	
3.22263795e+000	-7.08106059e-001	
3.24356417e+000	-7.07570571e-001	
3.26449040e+000	-7.07046344e-001	
3.28541662e+000	-7.06507047e-001	
3.30634284e+000	-7.05965156e-001	
3.32726906e+000	-7.05169971e-001	
3.34819528e+000	-7.04627716e-001	
3.36912150e+000	-7.04109024e-001	
3.39004772e+000	-7.03600920e-001	
3.41097394e+000	-7.03485323e-001	
3.43190016e+000	-7.03622436e-001	
3.45282638e+000	-7.03422208e-001	
3.47375260e+000	-7.02919228e-001	
3.49467882e+000	-7.05977262e-001	
3.51560504e+000	-7.13640807e-001	
3.53653126e+000	-7.19259492e-001	
3.55745748e+000	-7.21280026e-001	
3.57838370e+000	-7.22425808e-001	
3.59930992e+000	-7.21329032e-001	
3.62023614e+000	-7.20279947e-001	
3.64116236e+000	-7.19423251e-001	
3.66208858e+000	-7.18896820e-001	
3.68301480e+000	-7.18490261e-001	
3.70394103e+000	-7.18090643e-001	
3.72486725e+000	-7.17883871e-001	
3.74579347e+000	-7.17677099e-001	
3.76671969e+000	-7.16694738e-001	
3.78764591e+000	-7.15460649e-001	
3.80857213e+000	-7.14675264e-001	
3.82949835e+000	-7.13931880e-001	
3.85042457e+000	-7.13193333e-001	
3.87135079e+000	-7.12598888e-001	
3.89227701e+000	-7.11923648e-001	
3.91320323e+000	-7.11146742e-001	
3.93412945e+000	-7.10507382e-001	
3.95505567e+000	-7.09806575e-001	
3.97598189e+000	-7.09042309e-001	
3.99690811e+000	-7.08417690e-001	
4.01783433e+000	-7.07588694e-001	
4.03876055e+000	-7.06751840e-001	
4.05968677e+000	-7.06007340e-001	
4.08061299e+000	-7.05437438e-001	
4.10153921e+000	-7.04816365e-001	
4.12246543e+000	-7.04085632e-001	
4.14339166e+000	-7.03324533e-001	
4.16431788e+000	-7.02332682e-001	
4.18524410e+000	-7.00815230e-001	
4.20617032e+000	-6.98571795e-001	
4.22709654e+000	-6.95431560e-001	
4.24802276e+000	-6.73918664e-001	
4.26894898e+000	-4.86134469e-001	
4.28987520e+000	-3.29365656e-001	
4.31080142e+000	-1.73599922e-001	
4.33172764e+000	-1.26952888e-001	
4.35265386e+000	-9.41326015e-002	
4.37358008e+000	-1.00434292e-001	
4.39450630e+000	-1.16093272e-001	
4.41543252e+000	-1.31752252e-001	
4.43635874e+000	-1.47411231e-001	
4.45728496e+000	-1.95222776e-001	
4.47821118e+000	-3.08088801e-001	
4.49913740e+000	-4.59553762e-001	
4.52006362e+000	-6.16739197e-001	
4.54098984e+000	-7.06417448e-001	
4.56191607e+000	-7.24131780e-001	
4.58284229e+000	-7.31932611e-001	
4.60376851e+000	-7.25901058e-001	
4.62469473e+000	-7.22580956e-001	
4.64562095e+000	-7.20023352e-001	
4.66654717e+000	-7.17124077e-001	
4.68747339e+000	-7.13175195e-001	
4.70839961e+000	-7.09975761e-001	
4.72932583e+000	-7.07614987e-001	
4.75025205e+000	-7.04151426e-001	
4.77117827e+000	-7.00855137e-001	
4.79210449e+000	-6.98477924e-001	
4.81303071e+000	-6.94843506e-001	
4.83395693e+000	-6.91868059e-001	
4.85488315e+000	-6.89531376e-001	
4.87580937e+000	-6.86164120e-001	
4.89673559e+000	-6.83118090e-001	
4.91766181e+000	-6.80575956e-001	
4.93858803e+000	-6.77294341e-001	
4.95951425e+000	-6.73841487e-001	
4.98044047e+000	-6.71004437e-001	
5.00136670e+000	-6.68458933e-001	
5.02229292e+000	-6.65995964e-001	
5.04321914e+000	-6.63593645e-001	
5.06414536e+000	-6.60789781e-001	
5.08507158e+000	-6.58007621e-001	
5.10599780e+000	-6.55390128e-001	
5.12692402e+000	-6.53007258e-001	
5.14785024e+000	-6.50696039e-001	
5.16877646e+000	-6.48529820e-001	
5.18970268e+000	-6.47615568e-001	
5.21062890e+000	-6.50487795e-001	
5.23155512e+000	-6.56807422e-001	
5.25248134e+000	-6.81493400e-001	
5.27340756e+000	-7.05713595e-001	
5.29433378e+000	-7.24889731e-001	
5.31526000e+000	-7.44053019e-001	
5.33618622e+000	-7.58754582e-001	
5.35711244e+000	-7.73456145e-001	
5.37803866e+000	-7.74359349e-001	
5.39896488e+000	-7.74076141e-001	
5.41989110e+000	-7.68615090e-001	
5.44081733e+000	-7.61701594e-001	
5.46174355e+000	-7.55393959e-001	
5.48266977e+000	-7.49280819e-001	
5.50359599e+000	-7.41377697e-001	
5.52452221e+000	-7.34707284e-001	
5.54544843e+000	-7.28202926e-001	
5.56637465e+000	-7.21678488e-001	
5.58730087e+000	-7.15655134e-001	
5.60822709e+000	-7.09404881e-001	
5.62915331e+000	-7.03713677e-001	
5.65007953e+000	-6.98038427e-001	
5.67100575e+000	-6.91787214e-001	
5.69193197e+000	-6.86417485e-001	
5.71285819e+000	-6.80628126e-001	
5.73378441e+000	-6.74733662e-001	
5.75471063e+000	-6.68334603e-001	
5.77563685e+000	-6.61333291e-001	
5.79656307e+000	-6.56815910e-001	
5.81748929e+000	-6.55005215e-001	
5.83841551e+000	-6.53108155e-001	
5.85934173e+000	-6.46860752e-001	
5.88026796e+000	-6.39879041e-001	
5.90119418e+000	-6.33386150e-001	
5.92212040e+000	-6.26927009e-001	
5.94304662e+000	-5.99811779e-001	
5.96397284e+000	-5.69311096e-001	
5.98489906e+000	-5.13248660e-001	
6.00582528e+000	-4.03900245e-001	
6.02675150e+000	-3.30294015e-001	
6.04767772e+000	-2.80090204e-001	
6.06860394e+000	-2.29886394e-001	
6.08953016e+000	-1.79682583e-001	
6.11045638e+000	-1.45689321e-001	
6.13138260e+000	-1.27803563e-001	
6.15230882e+000	-1.30723074e-001	
6.17323504e+000	-1.59506969e-001	
6.19416126e+000	-1.93684766e-001	
6.21508748e+000	-2.25060510e-001	
6.23601370e+000	-2.29409448e-001	
6.25693992e+000	-2.30093323e-001	
6.27786614e+000	-2.30757209e-001	
6.29879237e+000	-2.30719664e-001	
6.31971859e+000	-2.30676634e-001	
6.34064481e+000	-2.30592829e-001	
6.36157103e+000	-2.30512539e-001	
6.38249725e+000	-2.30461711e-001	
6.40342347e+000	-2.30410883e-001	
6.42434969e+000	-2.30334348e-001	
6.44527591e+000	-2.30258849e-001	
6.46620213e+000	-2.30253089e-001	
6.48712835e+000	-2.30182752e-001	
6.50805457e+000	-2.30111797e-001	
6.52898079e+000	-2.30046183e-001	
6.54990701e+000	-2.29968541e-001	
6.57083323e+000	-2.29900701e-001	
6.59175945e+000	-2.29830299e-001	
6.61268567e+000	-2.29754583e-001	
6.63361189e+000	-2.29666994e-001	
6.65453811e+000	-2.29589309e-001	
6.67546433e+000	-2.29508337e-001	
6.69639055e+000	-2.29411129e-001	
6.71731677e+000	-2.29314176e-001	
6.73824300e+000	-2.29260365e-001	
6.75916922e+000	-2.29194396e-001	
6.78009544e+000	-2.29099865e-001	
6.80102166e+000	-2.28917222e-001	
6.82194788e+000	-2.28795779e-001	
6.84287410e+000	-2.28722339e-001	
6.86380032e+000	-2.28957293e-001	
6.88472654e+000	-2.29230898e-001	
6.90565276e+000	-2.30198079e-001	
6.92657898e+000	-2.31165260e-001	
6.94750520e+000	-2.31369342e-001	
6.96843142e+000	-2.31550613e-001	
6.98935764e+000	-2.35220836e-001	
7.01028386e+000	-2.39347624e-001	
7.03121008e+000	-2.43575939e-001	
7.05213630e+000	-2.47828083e-001	
7.07306252e+000	-2.48885385e-001	
7.09398874e+000	-2.48730925e-001	
7.11491496e+000	-2.47635248e-001	
7.13584118e+000	-2.46017206e-001	
7.15676740e+000	-2.44910736e-001	
7.17769363e+000	-2.44002823e-001	
7.19861985e+000	-2.43068894e-001	
7.21954607e+000	-2.42106621e-001	
7.24047229e+000	-2.40894060e-001	
7.26139851e+000	-2.39503260e-001	
7.28232473e+000	-2.38432948e-001	
7.30325095e+000	-2.37330897e-001	
7.32417717e+000	-2.36361279e-001	
7.34510339e+000	-2.35229895e-001	
7.36602961e+000	-2.34310681e-001	
7.38695583e+000	-2.33322814e-001	
7.40788205e+000	-2.32257192e-001	
7.42880827e+000	-2.31312099e-001	
7.44973449e+000	-2.30250274e-001	
7.47066071e+000	-2.29371880e-001	
7.49158693e+000	-2.28373439e-001	
7.51251315e+000	-2.27420328e-001	
7.53343937e+000	-2.26350293e-001	
7.55436559e+000	-2.25537045e-001	
7.57529181e+000	-2.24784572e-001	
7.59621803e+000	-2.23693451e-001	
7.61714426e+000	-2.21971801e-001	
7.63807048e+000	-2.19902401e-001	
7.65899670e+000	-2.17766518e-001	
7.67992292e+000	-2.17728070e-001	
7.70084914e+000	-2.19380551e-001	
7.72177536e+000	-2.21502406e-001	
7.74270158e+000	-1.89666651e-001	
7.76362780e+000	-1.33748896e-001	
7.78455402e+000	-1.02210990e-001	
7.80548024e+000	-7.06730837e-002	
7.82640646e+000	-3.91351773e-002	
7.84733268e+000	-7.50933697e-003	
7.86825890e+000	2.19496240e-002	
7.88918512e+000	5.39992826e-002	
7.91011134e+000	9.88796173e-002	
7.93103756e+000	1.44924121e-001	
7.95196378e+000	2.01192036e-001	
7.97289000e+000	2.14873921e-001	
7.99381622e+000	2.14779326e-001	
8.01474244e+000	2.14684732e-001	
8.03566867e+000	2.15190462e-001	
8.05659489e+000	2.15619374e-001	
8.07752111e+000	2.16647983e-001	
8.09844733e+000	2.17322630e-001	
8.11937355e+000	2.17618754e-001	
8.14029977e+000	2.17831681e-001	
8.16122599e+000	2.18428762e-001	
8.18215221e+000	2.19176271e-001	
8.20307843e+000	2.19832240e-001	
8.22400465e+000	2.20437406e-001	
8.24493087e+000	2.21025675e-001	
8.26585709e+000	2.21584717e-001	
8.28678331e+000	2.22192045e-001	
8.30770953e+000	2.22761518e-001	
8.32863575e+000	2.23331750e-001	
8.34956197e+000	2.23954068e-001	
8.37048819e+000	2.24503911e-001	
8.39141441e+000	2.25153100e-001	
8.41234063e+000	2.25731921e-001	
8.43326685e+000	2.26381841e-001	
8.45419307e+000	2.27214307e-001	
8.47511930e+000	2.27854178e-001	
8.49604552e+000	2.28489745e-001	
8.51697174e+000	2.28923249e-001	
8.53789796e+000	2.29356754e-001	
8.55882418e+000	2.29745117e-001	
8.57975040e+000	2.30223614e-001	
8.60067662e+000	2.31006884e-001	
8.62160284e+000	2.31841023e-001	
8.64252906e+000	2.31704970e-001	
8.66345528e+000	2.31287182e-001	
8.68438150e+000	2.28945534e-001	
8.70530772e+000	2.25752175e-001	
8.72623394e+000	2.24835819e-001	
8.74716016e+000	2.25345413e-001	
8.76808638e+000	2.25307020e-001	
8.78901260e+000	2.24780707e-001	
8.80993882e+000	2.24202983e-001	
8.83086504e+000	2.23561796e-001	
8.85179126e+000	2.23063781e-001	
8.87271748e+000	2.22814509e-001	
8.89364370e+000	2.22620906e-001	
8.91456993e+000	2.22260366e-001	
8.93549615e+000	2.21939698e-001	
8.95642237e+000	2.21777149e-001	
8.97734859e+000	2.21604686e-001	
8.99827481e+000	2.21343610e-001	
9.01920103e+000	2.20903320e-001	
9.04012725e+000	2.20546361e-001	
9.06105347e+000	2.20235484e-001	
9.08197969e+000	2.19942610e-001	
9.10290591e+000	2.19670163e-001	
9.12383213e+000	2.19360441e-001	
9.14475835e+000	2.19081314e-001	
9.16568457e+000	2.18762794e-001	
9.18661079e+000	2.18472724e-001	
9.20753701e+000	2.18185653e-001	
9.22846323e+000	2.17884754e-001	
9.24938945e+000	2.17561125e-001	
9.27031567e+000	2.17223541e-001	
9.29124189e+000	2.16884935e-001	
9.31216811e+000	2.16594221e-001	
9.33309433e+000	2.16219275e-001	
9.35402056e+000	2.15870712e-001	
9.37494678e+000	2.15678824e-001	
9.39587300e+000	2.15467278e-001	
9.41679922e+000	2.15211185e-001	
9.43772544e+000	2.15224966e-001	
9.45865166e+000	2.13395041e-001	
9.47957788e+000	1.98142313e-001	
9.50050410e+000	1.57414918e-001	
9.52143032e+000	1.55878682e-001	
9.54235654e+000	1.54342446e-001	
9.56328276e+000	1.52806210e-001	
9.58420898e+000	1.51269975e-001	
9.60513520e+000	2.12771918e-001	
9.62606142e+000	2.75130264e-001	
9.64698764e+000	3.37488611e-001	
9.66791386e+000	3.99846957e-001	
9.68884008e+000	5.50421380e-001	
9.70976630e+000	6.15921490e-001	
9.73069252e+000	6.26007286e-001	
9.75161874e+000	6.27327156e-001	
9.77254497e+000	6.30343490e-001	
9.79347119e+000	6.33848858e-001	
9.81439741e+000	6.37810787e-001	
9.83532363e+000	6.42257207e-001	
9.85624985e+000	6.46213848e-001	
9.87717607e+000	6.49512804e-001	
9.89810229e+000	6.53711244e-001	
9.91902851e+000	6.58624623e-001	
9.93995473e+000	6.62613897e-001	
9.96088095e+000	6.66827156e-001	
9.98180717e+000	6.71226513e-001	
1.00027334e+001	6.75332323e-001	
1.00236596e+001	6.80339429e-001	
1.00445858e+001	6.84547615e-001	
1.00655121e+001	6.89207290e-001	
1.00864383e+001	6.93756862e-001	
1.01073645e+001	6.98352328e-001	
1.01282907e+001	7.03515383e-001	
1.01492169e+001	7.08814183e-001	
1.01701432e+001	7.16317752e-001	
1.01910694e+001	7.21998873e-001	
1.02119956e+001	7.25235804e-001	
1.02329218e+001	7.28021470e-001	
1.02538480e+001	7.34054426e-001	
1.02747743e+001	7.41210279e-001	
1.02957005e+001	7.45521187e-001	
1.03166267e+001	7.48967568e-001	
1.03375529e+001	7.45132897e-001	
1.03584791e+001	7.36007230e-001	
1.03794054e+001	7.24198216e-001	
1.04003316e+001	7.09676978e-001	
1.04212578e+001	6.93874598e-001	
1.04421840e+001	6.76268184e-001	
1.04631102e+001	6.62320737e-001	
1.04840365e+001	6.55084929e-001	
1.05049627e+001	6.50046389e-001	
1.05258889e+001	6.51548198e-001	
1.05468151e+001	6.53078983e-001	
1.05677413e+001	6.54751431e-001	
1.05886676e+001	6.56414277e-001	
1.06095938e+001	6.57977347e-001	
1.06305200e+001	6.59752674e-001	
1.06514462e+001	6.61428380e-001	
1.06723724e+001	6.63104086e-001	
1.06932987e+001	6.64637422e-001	
1.07142249e+001	6.66159044e-001	
1.07351511e+001	6.68359896e-001	
1.07560773e+001	6.69922410e-001	
1.07770035e+001	6.71891262e-001	
1.07979298e+001	6.73694941e-001	
1.08188560e+001	6.75316117e-001	
1.08397822e+001	6.77268725e-001	
1.08607084e+001	6.79025678e-001	
1.08816347e+001	6.80600963e-001	
1.09025609e+001	6.82573757e-001	
1.09234871e+001	6.84440582e-001	
1.09444133e+001	6.86034963e-001	
1.09653395e+001	6.87961855e-001	
1.09862658e+001	6.89629842e-001	
1.10071920e+001	6.91295350e-001	
1.10281182e+001	6.93326987e-001	
1.10490444e+001	6.94797298e-001	
1.10699706e+001	6.96423975e-001	
1.10908969e+001	6.98801428e-001	
1.11118231e+001	7.01773754e-001	
1.11327493e+001	7.06469616e-001	
1.11536755e+001	7.09811471e-001	
1.11746017e+001	6.74171896e-001	
1.11955280e+001	6.38532322e-001	
1.12164542e+001	4.16688367e-001	
1.12373804e+001	2.33181430e-001	
1.12583066e+001	1.87842319e-001	
1.12792328e+001	1.64387367e-001	
1.13001591e+001	1.40932415e-001	
1.13210853e+001	1.17477463e-001	
1.13420115e+001	1.60489906e-001	
1.13629377e+001	2.31937387e-001	
1.13838639e+001	3.03384868e-001	
1.14047902e+001	3.74832349e-001	
1.14257164e+001	5.35091737e-001	
1.14466426e+001	6.79554111e-001	
1.14675688e+001	7.04698417e-001	
1.14884950e+001	7.04047864e-001	
1.15094213e+001	7.04101847e-001	
1.15303475e+001	7.04325813e-001	
1.15512737e+001	7.04606000e-001	
1.15721999e+001	7.05003487e-001	
1.15931261e+001	7.05316358e-001	
1.16140524e+001	7.05588695e-001	
1.16349786e+001	7.05872540e-001	
1.16559048e+001	7.06242902e-001	
1.16768310e+001	7.06808140e-001	
1.16977572e+001	7.07118808e-001	
1.17186835e+001	7.07400540e-001	
1.17396097e+001	7.07794671e-001	
1.17605359e+001	7.08112828e-001	
1.17814621e+001	7.08420476e-001	
1.18023884e+001	7.08795179e-001	
1.18233146e+001	7.09096461e-001	
1.18442408e+001	7.09397573e-001	
1.18651670e+001	7.09728758e-001	
1.18860932e+001	7.10057082e-001	
1.19070195e+001	7.10465912e-001	
1.19279457e+001	7.11003387e-001	
1.19488719e+001	7.11346791e-001	
1.19697981e+001	7.11496079e-001	
1.19907243e+001	7.11637738e-001	
1.20116506e+001	7.11770641e-001	
1.20325768e+001	7.11727205e-001	
1.20535030e+001	7.12096286e-001	
1.20744292e+001	7.12545923e-001	
1.20953554e+001	7.13182314e-001	
1.21162817e+001	7.13489338e-001	
1.21372079e+001	7.12624380e-001	
1.21581341e+001	7.11068581e-001	
1.21790603e+001	7.05183499e-001	
1.21999865e+001	6.99800586e-001	
1.22209128e+001	7.02757311e-001	
1.22418390e+001	7.05714036e-001	
1.22627652e+001	7.05559237e-001	
1.22836914e+001	7.05319662e-001	
1.23046176e+001	7.05339715e-001	
1.23255439e+001	7.05391323e-001	
1.23464701e+001	7.05559254e-001	
1.23673963e+001	7.05754508e-001	
1.23883225e+001	7.06195686e-001	
1.24092487e+001	7.06374024e-001	
1.24301750e+001	7.06543508e-001	
1.24511012e+001	7.06708144e-001	
1.24720274e+001	7.06925407e-001	
1.24929536e+001	7.07120087e-001	
1.25138798e+001	7.07282684e-001	
1.25348061e+001	7.07481240e-001	
1.25557323e+001	7.07705847e-001	
1.25766585e+001	7.07865297e-001	
1.25975847e+001	7.08056308e-001	
1.26185110e+001	7.08221601e-001	
1.26394372e+001	7.08377875e-001	
1.26603634e+001	7.08579945e-001	
1.26812896e+001	7.08738074e-001	
1.27022158e+001	7.08884626e-001	
1.27231421e+001	7.08909030e-001	
1.27440683e+001	7.09067905e-001	
1.27649945e+001	7.09249471e-001	
1.27859207e+001	7.09388587e-001	
1.28068469e+001	7.09527289e-001	
1.28277732e+001	7.09699254e-001	
1.28486994e+001	7.09891390e-001	
1.28696256e+001	7.11992346e-001	
1.28905518e+001	7.14493865e-001	
1.29114780e+001	7.08557340e-001	
1.29324043e+001	7.00325692e-001	
1.29533305e+001	5.91866594e-001	
1.29742567e+001	3.93415631e-001	
1.29951829e+001	2.78300523e-001	
1.30161091e+001	2.40543910e-001	
1.30370354e+001	2.02787297e-001	
1.30579616e+001	1.65030684e-001	
1.30788878e+001	1.79793177e-001	
1.30998140e+001	2.67343848e-001	
1.31207402e+001	3.54894519e-001	
1.31416665e+001	4.42445191e-001	
1.31625927e+001	5.90276335e-001	
1.31835189e+001	8.88248230e-001	
1.32044451e+001	1.04965291e+000	
1.32253713e+001	1.05378930e+000	
1.32462976e+001	1.05799647e+000	
1.32672238e+001	1.05580619e+000	
1.32881500e+001	1.05363069e+000	
1.33090762e+001	1.05356042e+000	
1.33300024e+001	1.05357807e+000	
1.33509287e+001	1.05358954e+000	
1.33718549e+001	1.05360027e+000	
1.33927811e+001	1.05357938e+000	
1.34137073e+001	1.05358737e+000	
1.34346335e+001	1.05387233e+000	
1.34555598e+001	1.05390187e+000	
1.34764860e+001	1.05393540e+000	
1.34974122e+001	1.05397287e+000	
1.35183384e+001	1.05398611e+000	
1.35392647e+001	1.05403327e+000	
1.35601909e+001	1.05412178e+000	
1.35811171e+001	1.05419367e+000	
1.36020433e+001	1.05421610e+000	
1.36229695e+001	1.05426358e+000	
1.36438958e+001	1.05428279e+000	
1.36648220e+001	1.05454037e+000	
1.36857482e+001	1.05488868e+000	
1.37066744e+001	1.05519279e+000	
1.37276006e+001	1.05561335e+000	
1.37485269e+001	1.05653846e+000	
1.37694531e+001	1.05700567e+000	
1.37903793e+001	1.05716587e+000	
1.38113055e+001	1.05732968e+000	
1.38322317e+001	1.05764418e+000	
1.38531580e+001	1.05795867e+000	
1.38740842e+001	1.05762879e+000	
1.38950104e+001	1.05725891e+000	
1.39159366e+001	1.05175005e+000	
1.39368628e+001	1.04540353e+000	
1.39577891e+001	1.04908943e+000	
1.39787153e+001	1.05564200e+000	
1.39996415e+001	1.05793751e+000	
1.40205677e+001	1.05837107e+000	
1.40414939e+001	1.05831185e+000	
1.40624202e+001	1.05794281e+000	
1.40833464e+001	1.05773762e+000	
1.41042726e+001	1.05767659e+000	
1.41251988e+001	1.05796281e+000	
1.41461250e+001	1.05780834e+000	
1.41670513e+001	1.05765241e+000	
1.41879775e+001	1.05749398e+000	
1.42089037e+001	1.05731169e+000	
1.42298299e+001	1.05709623e+000	
1.42507561e+001	1.05696223e+000	
1.42716824e+001	1.05682030e+000	
1.42926086e+001	1.05670464e+000	
1.43135348e+001	1.05657827e+000	
1.43344610e+001	1.05647564e+000	
1.43553873e+001	1.05633916e+000	
1.43763135e+001	1.05625611e+000	
1.43972397e+001	1.05612853e+000	
1.44181659e+001	1.05601320e+000	
1.44390921e+001	1.05591621e+000	
1.44600184e+001	1.05581844e+000	
1.44809446e+001	1.05547469e+000	
1.45018708e+001	1.05537795e+000	
1.45227970e+001	1.05531219e+000	
1.45437232e+001	1.05526011e+000	
1.45646495e+001	1.05518052e+000	
1.45855757e+001	1.05510944e+000	
1.46065019e+001	1.05646784e+000	
1.46274281e+001	1.05898840e+000	
1.46483543e+001	1.05776388e+000	
1.46692806e+001	1.05363949e+000	
1.46902068e+001	9.71747014e-001	
1.47111330e+001	7.24096568e-001	
1.47320592e+001	4.72267475e-001	
1.47529854e+001	3.92726445e-001	
1.47739117e+001	3.13185415e-001	
1.47948379e+001	2.33644385e-001	
1.48157641e+001	1.75131258e-001	
1.48366903e+001	2.43008553e-001	
1.48576165e+001	3.10885848e-001	
1.48785428e+001	3.78763143e-001	
1.48994690e+001	4.46640438e-001	
1.49203952e+001	7.49551620e-001	
1.49413214e+001	1.04901171e+000	
1.49622476e+001	1.10406466e+000	
1.49831739e+001	1.12993744e+000	
1.50041001e+001	1.13216185e+000	
1.50250263e+001	1.12801818e+000	
1.50459525e+001	1.12658242e+000	
1.50668787e+001	1.12630468e+000	
1.50878050e+001	1.12613235e+000	
1.51087312e+001	1.12597982e+000	
1.51296574e+001	1.12579936e+000	
1.51505836e+001	1.12560050e+000	
1.51715098e+001	1.12564291e+000	
1.51924361e+001	1.12544927e+000	
1.52133623e+001	1.12534218e+000	
1.52342885e+001	1.12519761e+000	
1.52552147e+001	1.12499426e+000	
1.52761410e+001	1.12482880e+000	
1.52970672e+001	1.12480516e+000	
1.53179934e+001	1.12476169e+000	
1.53389196e+001	1.12464500e+000	
1.53598458e+001	1.12465808e+000	
1.53807721e+001	1.12434721e+000	
1.54016983e+001	1.12462054e+000	
1.54226245e+001	1.12505061e+000	
1.54435507e+001	1.12548019e+000	
1.54644769e+001	1.12590979e+000	
1.54854032e+001	1.12742736e+000	
1.55063294e+001	1.12905289e+000	
1.55272556e+001	1.12905405e+000	
1.55481818e+001	1.12918984e+000	
1.55691080e+001	1.12926407e+000	
1.55900343e+001	1.12931737e+000	
1.56109605e+001	1.12893729e+000	
1.56318867e+001	1.12833771e+000	
1.56528129e+001	1.12410884e+000	
1.56737391e+001	1.11727411e+000	
1.56946654e+001	1.11727822e+000	
1.57155916e+001	1.12412041e+000	
1.57365178e+001	1.12835144e+000	
1.57574440e+001	1.12894586e+000	
1.57783702e+001	1.12931852e+000	
1.57992965e+001	1.12925332e+000	
1.58202227e+001	1.12924135e+000	
1.58411489e+001	1.12938549e+000	
1.58620751e+001	1.12988144e+000	
1.58830013e+001	1.12969591e+000	
1.59039276e+001	1.12950887e+000	
1.59248538e+001	1.12930662e+000	
1.59457800e+001	1.12910438e+000	
1.59667062e+001	1.12890303e+000	
1.59876324e+001	1.12879601e+000	
1.60085587e+001	1.12882329e+000	
1.60294849e+001	1.12876332e+000	
1.60504111e+001	1.12874291e+000	
1.60713373e+001	1.12888455e+000	
1.60922636e+001	1.12896239e+000	
1.61131898e+001	1.12905141e+000	
1.61341160e+001	1.12917929e+000	
1.61550422e+001	1.12928588e+000	
1.61759684e+001	1.12935277e+000	
1.61968947e+001	1.12950282e+000	
1.62178209e+001	1.12942475e+000	
1.62387471e+001	1.12959114e+000	
1.62596733e+001	1.12976769e+000	
1.62805995e+001	1.12995692e+000	
1.63015258e+001	1.13014143e+000	
1.63224520e+001	1.13041847e+000	
1.63433782e+001	1.13193342e+000	
1.63643044e+001	1.13618053e+000	
1.63852306e+001	1.13390594e+000	
1.64061569e+001	1.10734564e+000	
1.64270831e+001	1.05266332e+000	
1.64480093e+001	7.60377555e-001	
1.64689355e+001	4.36093459e-001	
1.64898617e+001	3.69501521e-001	
1.65107880e+001	3.02909582e-001	
1.65317142e+001	2.36317644e-001	
1.65526404e+001	1.69725705e-001	
1.65735666e+001	2.25894252e-001	
1.65944928e+001	3.02215310e-001	
1.66154191e+001	3.78536369e-001	
1.66363453e+001	4.54857427e-001	
1.66572715e+001	7.10079953e-001	
1.66781977e+001	9.66342472e-001	
1.66991239e+001	1.05221356e+000	
1.67200502e+001	1.05665091e+000	
1.67409764e+001	1.05792366e+000	
1.67619026e+001	1.05521174e+000	
1.67828288e+001	1.05374092e+000	
1.68037550e+001	1.05380159e+000	
1.68246813e+001	1.05388437e+000	
1.68456075e+001	1.05394798e+000	
1.68665337e+001	1.05400862e+000	
1.68874599e+001	1.05407045e+000	
1.69083861e+001	1.05441654e+000	
1.69293124e+001	1.05452061e+000	
1.69502386e+001	1.05460266e+000	
1.69711648e+001	1.05470699e+000	
1.69920910e+001	1.05481858e+000	
1.70130173e+001	1.05487797e+000	
1.70339435e+001	1.05501927e+000	
1.70548697e+001	1.05515636e+000	
1.70757959e+001	1.05525219e+000	
1.70967221e+001	1.05535927e+000	
1.71176484e+001	1.05542238e+000	
1.71385746e+001	1.05558280e+000	
1.71595008e+001	1.05587708e+000	
1.71804270e+001	1.05615463e+000	
1.72013532e+001	1.05641210e+000	
1.72222795e+001	1.05695374e+000	
1.72432057e+001	1.05766089e+000	
1.72641319e+001	1.05768998e+000	
1.72850581e+001	1.05785898e+000	
1.73059843e+001	1.05812642e+000	
1.73269106e+001	1.05850578e+000	
1.73478368e+001	1.05857305e+000	
1.73687630e+001	1.05814393e+000	
1.73896892e+001	1.05585521e+000	
1.74106154e+001	1.04931479e+000	
1.74315417e+001	1.04564118e+000	
1.74524679e+001	1.05199844e+000	
1.74733941e+001	1.05751750e+000	
1.74943203e+001	1.05789434e+000	
1.75152465e+001	1.05823155e+000	
1.75361728e+001	1.05793019e+000	
1.75570990e+001	1.05762883e+000	
1.75780252e+001	1.05761115e+000	
1.75989514e+001	1.05760030e+000	
1.76198776e+001	1.05784362e+000	
1.76408039e+001	1.05768397e+000	
1.76617301e+001	1.05752323e+000	
1.76826563e+001	1.05736224e+000	
1.77035825e+001	1.05714914e+000	
1.77245087e+001	1.05699051e+000	
1.77454350e+001	1.05689662e+000	
1.77663612e+001	1.05677343e+000	
1.77872874e+001	1.05670629e+000	
1.78082136e+001	1.05664347e+000	
1.78291399e+001	1.05659894e+000	
1.78500661e+001	1.05654540e+000	
1.78709923e+001	1.05651034e+000	
1.78919185e+001	1.05646609e+000	
1.79128447e+001	1.05642598e+000	
1.79337710e+001	1.05639024e+000	
1.79546972e+001	1.05611384e+000	
1.79756234e+001	1.05609218e+000	
1.79965496e+001	1.05606526e+000	
1.80174758e+001	1.05607265e+000	
1.80384021e+001	1.05607858e+000	
1.80593283e+001	1.05606891e+000	
1.80802545e+001	1.05612560e+000	
1.81011807e+001	1.05834462e+000	
1.81221069e+001	1.06057881e+000	
1.81430332e+001	1.05632157e+000	
1.81639594e+001	1.05212908e+000	
1.81848856e+001	8.98724336e-001	
1.82058118e+001	5.86249761e-001	
1.82267380e+001	4.35138278e-001	
1.82476643e+001	3.50312691e-001	
1.82685905e+001	2.65487104e-001	
1.82895167e+001	1.80661517e-001	
1.83104429e+001	1.67705365e-001	
1.83313691e+001	2.06308019e-001	
1.83522954e+001	2.44910672e-001	
1.83732216e+001	2.83513325e-001	
1.83941478e+001	3.99909509e-001	
1.84150740e+001	5.98612736e-001	
1.84360002e+001	7.05363688e-001	
1.84569265e+001	7.13287200e-001	
1.84778527e+001	7.19016311e-001	
1.84987789e+001	7.16598503e-001	
1.85197051e+001	7.14565647e-001	
1.85406313e+001	7.14367768e-001	
1.85615576e+001	7.14193264e-001	
1.85824838e+001	7.14054608e-001	
1.86034100e+001	7.13915536e-001	
1.86243362e+001	7.13733860e-001	
1.86452624e+001	7.13573272e-001	
1.86661887e+001	7.13547868e-001	
1.86871149e+001	7.13400625e-001	
1.87080411e+001	7.13242833e-001	
1.87289673e+001	7.13041194e-001	
1.87498936e+001	7.12886969e-001	
1.87708198e+001	7.12723250e-001	
1.87917460e+001	7.12533869e-001	
1.88126722e+001	7.12377359e-001	
1.88335984e+001	7.12156382e-001	
1.88545247e+001	7.11961357e-001	
1.88754509e+001	7.11800880e-001	
1.88963771e+001	7.11607700e-001	
1.89173033e+001	7.11392040e-001	
1.89382295e+001	7.11228605e-001	
1.89591558e+001	7.11060004e-001	
1.89800820e+001	7.10881973e-001	
1.90010082e+001	7.10438808e-001	
1.90219344e+001	7.10241635e-001	
1.90428606e+001	7.10072012e-001	
1.90637869e+001	7.10019687e-001	
1.90847131e+001	7.09999105e-001	
1.91056393e+001	7.10239704e-001	
1.91265655e+001	7.10394969e-001	
1.91474917e+001	7.07418244e-001	
1.91684180e+001	7.04441519e-001	
1.91893442e+001	7.09858624e-001	
1.92102704e+001	7.15781156e-001	
1.92311966e+001	7.17345864e-001	
1.92521228e+001	7.18215178e-001	
1.92730491e+001	7.17904825e-001	
1.92939753e+001	7.17262947e-001	
1.93149015e+001	7.16810332e-001	
1.93358277e+001	7.16439356e-001	
1.93567539e+001	7.16483328e-001	
1.93776802e+001	7.16349574e-001	
1.93986064e+001	7.16207614e-001	
1.94195326e+001	7.16058505e-001	
1.94404588e+001	7.15715091e-001	
1.94613850e+001	7.15177380e-001	
1.94823113e+001	7.14768691e-001	
1.95032375e+001	7.14441429e-001	
1.95241637e+001	7.14112656e-001	
1.95450899e+001	7.13813727e-001	
1.95660162e+001	7.13512798e-001	
1.95869424e+001	7.13138763e-001	
1.96078686e+001	7.12832209e-001	
1.96287948e+001	7.12512947e-001	
1.96497210e+001	7.12118116e-001	
1.96706473e+001	7.11836324e-001	
1.96915735e+001	7.11525781e-001	
1.97124997e+001	7.10958993e-001	
1.97334259e+001	7.10585463e-001	
1.97543521e+001	7.10297795e-001	
1.97752784e+001	7.10021579e-001	
1.97962046e+001	7.09703925e-001	
1.98171308e+001	7.09300247e-001	
1.98380570e+001	7.09047355e-001	
1.98589832e+001	7.08864166e-001	
1.98799095e+001	7.08915585e-001	
1.99008357e+001	7.09715327e-001	
1.99217619e+001	6.83768618e-001	
1.99426881e+001	5.38181686e-001	
1.99636143e+001	3.77609616e-001	
1.99845406e+001	3.06275502e-001	
2.00054668e+001	2.34941389e-001	
2.00263930e+001	1.63607275e-001	
2.00473192e+001	1.21171239e-001	
2.00682454e+001	1.45653679e-001	
2.00891717e+001	1.70136118e-001	
2.01100979e+001	1.94618558e-001	
2.01310241e+001	2.41150977e-001	
2.01519503e+001	4.26288864e-001	
2.01728765e+001	6.44915050e-001	
2.01938028e+001	6.79628852e-001	
2.02147290e+001	7.14342653e-001	
2.02356552e+001	7.11048517e-001	
2.02565814e+001	7.06420697e-001	
2.02775076e+001	7.03447440e-001	
2.02984339e+001	7.01052224e-001	
2.03193601e+001	6.99413152e-001	
2.03402863e+001	6.97932016e-001	
2.03612125e+001	6.95885237e-001	
2.03821387e+001	6.94207070e-001	
2.04030650e+001	6.92526132e-001	
2.04239912e+001	6.90584848e-001	
2.04449174e+001	6.88980186e-001	
2.04658436e+001	6.87103395e-001	
2.04867699e+001	6.85121180e-001	
2.05076961e+001	6.83539118e-001	
2.05286223e+001	6.81774650e-001	
2.05495485e+001	6.79814391e-001	
2.05704747e+001	6.78186218e-001	
2.05914010e+001	6.76371411e-001	
2.06123272e+001	6.74389721e-001	
2.06332534e+001	6.72817102e-001	
2.06541796e+001	6.70603363e-001	
2.06751058e+001	6.69073083e-001	
2.06960321e+001	6.67530935e-001	
2.07169583e+001	6.65844555e-001	
2.07378845e+001	6.64158176e-001	
2.07588107e+001	6.62371113e-001	
2.07797369e+001	6.60797734e-001	
2.08006632e+001	6.59122862e-001	
2.08215894e+001	6.57438222e-001	
2.08425156e+001	6.55895745e-001	
2.08634418e+001	6.54382346e-001	
2.08843680e+001	6.59452318e-001	
2.09052943e+001	6.66734013e-001	
2.09262205e+001	6.80773137e-001	
2.09471467e+001	6.98496137e-001	
2.09680729e+001	7.14408680e-001	
2.09889991e+001	7.29035522e-001	
2.10099254e+001	7.40930648e-001	
2.10308516e+001	7.50123142e-001	
2.10517778e+001	7.53981572e-001	
2.10727040e+001	7.50499681e-001	
2.10936302e+001	7.46144367e-001	
2.11145565e+001	7.38917906e-001	
2.11354827e+001	7.32826466e-001	
2.11564089e+001	7.30017373e-001	
2.11773351e+001	7.26756633e-001	
2.11982613e+001	7.21048862e-001	
2.12191876e+001	7.13512712e-001	
2.12401138e+001	7.08188982e-001	
2.12610400e+001	7.03002136e-001	
2.12819662e+001	6.98384269e-001	
2.13028925e+001	6.93799277e-001	
2.13238187e+001	6.89100330e-001	
2.13447449e+001	6.84868007e-001	
2.13656711e+001	6.79838661e-001	
2.13865973e+001	6.75712653e-001	
2.14075236e+001	6.71281097e-001	
2.14284498e+001	6.67033569e-001	
2.14493760e+001	6.63010577e-001	
2.14703022e+001	6.58055667e-001	
2.14912284e+001	6.53832136e-001	
2.15121547e+001	6.50522290e-001	
2.15330809e+001	6.46556207e-001	
2.15540071e+001	6.42084332e-001	
2.15749333e+001	6.38076950e-001	
2.15958595e+001	6.34524739e-001	
2.16167858e+001	6.31462990e-001	
2.16377120e+001	6.30104131e-001	
2.16586382e+001	6.19940619e-001	
2.16795644e+001	5.54063673e-001	
2.17004906e+001	4.02602554e-001	
2.17214169e+001	3.39937071e-001	
2.17423431e+001	2.77271588e-001	
2.17632693e+001	2.14606105e-001	
2.17841955e+001	1.52814926e-001	
2.18051217e+001	1.54695082e-001	
2.18260480e+001	1.56575237e-001	
2.18469742e+001	1.58455393e-001	
2.18679004e+001	1.60335548e-001	
2.18888266e+001	2.02200684e-001	
2.19097528e+001	2.17836517e-001	
2.19306791e+001	2.19706199e-001	
2.19516053e+001	2.19689215e-001	
2.19725315e+001	2.19948940e-001	
2.19934577e+001	2.20163657e-001	
2.20143839e+001	2.20358616e-001	
2.20353102e+001	2.20713136e-001	
2.20562364e+001	2.21094379e-001	
2.20771626e+001	2.21389814e-001	
2.20980888e+001	2.21733211e-001	
2.21190150e+001	2.22075163e-001	
2.21399413e+001	2.22403933e-001	
2.21608675e+001	2.22709533e-001	
2.21817937e+001	2.23001092e-001	
2.22027199e+001	2.23295919e-001	
2.22236462e+001	2.23619467e-001	
2.22445724e+001	2.23902639e-001	
2.22654986e+001	2.24216013e-001	
2.22864248e+001	2.24492311e-001	
2.23073510e+001	2.24789752e-001	
2.23282773e+001	2.25105621e-001	
2.23492035e+001	2.25467276e-001	
2.23701297e+001	2.25912859e-001	
2.23910559e+001	2.26177021e-001	
2.24119821e+001	2.26351577e-001	
2.24329084e+001	2.26516109e-001	
2.24538346e+001	2.26840903e-001	
2.24747608e+001	2.27206110e-001	
2.24956870e+001	2.27401923e-001	
2.25166132e+001	2.27654894e-001	
2.25375395e+001	2.28160845e-001	
2.25584657e+001	2.28812408e-001	
2.25793919e+001	2.29399083e-001	
2.26003181e+001	2.29933194e-001	
2.26212443e+001	2.29970763e-001	
2.26421706e+001	2.29450662e-001	
2.26630968e+001	2.30385849e-001	
2.26840230e+001	2.33644908e-001	
2.27049492e+001	2.36033947e-001	
2.27258754e+001	2.36457775e-001	
2.27468017e+001	2.36594274e-001	
2.27677279e+001	2.35741327e-001	
2.27886541e+001	2.34940470e-001	
2.28095803e+001	2.34451706e-001	
2.28305065e+001	2.34054879e-001	
2.28514328e+001	2.33611028e-001	
2.28723590e+001	2.33167177e-001	
2.28932852e+001	2.32516217e-001	
2.29142114e+001	2.31860845e-001	
2.29351376e+001	2.31008439e-001	
2.29560639e+001	2.30342999e-001	
2.29769901e+001	2.29750360e-001	
2.29979163e+001	2.29086786e-001	
2.30188425e+001	2.28525431e-001	
2.30397688e+001	2.27891071e-001	
2.30606950e+001	2.27309343e-001	
2.30816212e+001	2.26727530e-001	
2.31025474e+001	2.26107039e-001	
2.31234736e+001	2.25536116e-001	
2.31443999e+001	2.24935398e-001	
2.31653261e+001	2.24317095e-001	
2.31862523e+001	2.23646192e-001	
2.32071785e+001	2.22880976e-001	
2.32281047e+001	2.22269578e-001	
2.32490310e+001	2.22051521e-001	
2.32699572e+001	2.21747673e-001	
2.32908834e+001	2.21053786e-001	
2.33118096e+001	2.19995653e-001	
2.33327358e+001	2.19554023e-001	
2.33536621e+001	2.19034167e-001	
2.33745883e+001	2.19127762e-001	
2.33955145e+001	2.19221357e-001	
2.34164407e+001	2.05301376e-001	
2.34373669e+001	1.48049107e-001	
2.34582932e+001	1.01314454e-001	
2.34792194e+001	5.57752091e-002	
2.35001456e+001	2.35211133e-002	
2.35210718e+001	-6.05050779e-003	
2.35419980e+001	-3.74080932e-002	
2.35629243e+001	-6.85545293e-002	
2.35838505e+001	-9.97009654e-002	
2.36047767e+001	-1.30847401e-001	
2.36257029e+001	-1.85911080e-001	
2.36466291e+001	-2.17221739e-001	
2.36675554e+001	-2.15122884e-001	
2.36884816e+001	-2.13494787e-001	
2.37094078e+001	-2.13528448e-001	
2.37303340e+001	-2.15623836e-001	
2.37512602e+001	-2.17653787e-001	
2.37721865e+001	-2.19342026e-001	
2.37931127e+001	-2.20411526e-001	
2.38140389e+001	-2.21149271e-001	
2.38349651e+001	-2.21946465e-001	
2.38558913e+001	-2.22994654e-001	
2.38768176e+001	-2.23927357e-001	
2.38977438e+001	-2.24904277e-001	
2.39186700e+001	-2.25764760e-001	
2.39395962e+001	-2.26805517e-001	
2.39605225e+001	-2.27731815e-001	
2.39814487e+001	-2.28777892e-001	
2.40023749e+001	-2.29747263e-001	
2.40233011e+001	-2.30649128e-001	
2.40442273e+001	-2.31758238e-001	
2.40651536e+001	-2.32708969e-001	
2.40860798e+001	-2.33788908e-001	
2.41070060e+001	-2.34837321e-001	
2.41279322e+001	-2.36198488e-001	
2.41488584e+001	-2.37384849e-001	
2.41697847e+001	-2.38326294e-001	
2.41907109e+001	-2.39240132e-001	
2.42116371e+001	-2.40128633e-001	
2.42325633e+001	-2.41211422e-001	
2.42534895e+001	-2.42795249e-001	
2.42744158e+001	-2.43867383e-001	
2.42953420e+001	-2.44017528e-001	
2.43162682e+001	-2.42979606e-001	
2.43371944e+001	-2.38809311e-001	
2.43581206e+001	-2.34662404e-001	
2.43790469e+001	-2.30615143e-001	
2.43999731e+001	-2.27015499e-001	
2.44208993e+001	-2.26836435e-001	
2.44418255e+001	-2.26634981e-001	
2.44627517e+001	-2.25684582e-001	
2.44836780e+001	-2.24734182e-001	
2.45046042e+001	-2.24464728e-001	
2.45255304e+001	-2.24233220e-001	
2.45464566e+001	-2.24303704e-001	
2.45673828e+001	-2.24421194e-001	
2.45883091e+001	-2.24598335e-001	
2.46092353e+001	-2.24688958e-001	
2.46301615e+001	-2.24752149e-001	
2.46510877e+001	-2.24803663e-001	
2.46720139e+001	-2.24896485e-001	
2.46929402e+001	-2.24989570e-001	
2.47138664e+001	-2.25067475e-001	
2.47347926e+001	-2.25142869e-001	
2.47557188e+001	-2.25228032e-001	
2.47766451e+001	-2.25300907e-001	
2.47975713e+001	-2.25368678e-001	
2.48184975e+001	-2.25434489e-001	
2.48394237e+001	-2.25510223e-001	
2.48603499e+001	-2.25573991e-001	
2.48812762e+001	-2.25642711e-001	
2.49022024e+001	-2.25710490e-001	
2.49231286e+001	-2.25714514e-001	
2.49440548e+001	-2.25786548e-001	
2.49649810e+001	-2.25859938e-001	
2.49859073e+001	-2.25908538e-001	
2.50068335e+001	-2.25957139e-001	
2.50277597e+001	-2.26033009e-001	
2.50486859e+001	-2.26111990e-001	
2.50696121e+001	-2.26152122e-001	
2.50905384e+001	-2.26187030e-001	
2.51114646e+001	-2.25535424e-001	
2.51323908e+001	-2.24864435e-001	
2.51533170e+001	-2.20612554e-001	
2.51742432e+001	-1.89953012e-001	
2.51951695e+001	-1.56654384e-001	
2.52160957e+001	-1.28682605e-001	
2.52370219e+001	-1.26197840e-001	
2.52579481e+001	-1.44214795e-001	
2.52788743e+001	-1.78150940e-001	
2.52998006e+001	-2.28092284e-001	
2.53207268e+001	-2.78033628e-001	
2.53416530e+001	-3.27974972e-001	
2.53625792e+001	-4.01164141e-001	
2.53835054e+001	-5.09859156e-001	
2.54044317e+001	-5.65613408e-001	
2.54253579e+001	-5.95953502e-001	
2.54462841e+001	-6.22923920e-001	
2.54672103e+001	-6.29337004e-001	
2.54881365e+001	-6.35781363e-001	
2.55090628e+001	-6.42677596e-001	
2.55299890e+001	-6.48847900e-001	
2.55509152e+001	-6.50724363e-001	
2.55718414e+001	-6.52515583e-001	
2.55927676e+001	-6.57001035e-001	
2.56136939e+001	-6.63954125e-001	
2.56346201e+001	-6.70309542e-001	
2.56555463e+001	-6.76166936e-001	
2.56764725e+001	-6.81921023e-001	
2.56973988e+001	-6.87252237e-001	
2.57183250e+001	-6.93454517e-001	
2.57392512e+001	-6.99086992e-001	
2.57601774e+001	-7.04743549e-001	
2.57811036e+001	-7.10960273e-001	
2.58020299e+001	-7.16948124e-001	
2.58229561e+001	-7.23428919e-001	
2.58438823e+001	-7.29890125e-001	
2.58648085e+001	-7.36518421e-001	
2.58857347e+001	-7.44372255e-001	
2.59066610e+001	-7.50449973e-001	
2.59275872e+001	-7.56721152e-001	
2.59485134e+001	-7.63594968e-001	
2.59694396e+001	-7.69024866e-001	
2.59903658e+001	-7.69305816e-001	
2.60112921e+001	-7.68407723e-001	
2.60322183e+001	-7.53796978e-001	
2.60531445e+001	-7.39186234e-001	
2.60740707e+001	-7.20146900e-001	
2.60949969e+001	-7.01094814e-001	
2.61159232e+001	-6.77034905e-001	
2.61368494e+001	-6.52512559e-001	
2.61577756e+001	-6.46234667e-001	
2.61787018e+001	-6.43381288e-001	
2.61996280e+001	-6.44289484e-001	
2.62205543e+001	-6.46441411e-001	
2.62414805e+001	-6.48736793e-001	
2.62624067e+001	-6.51103064e-001	
2.62833329e+001	-6.53702903e-001	
2.63042591e+001	-6.56466669e-001	
2.63251854e+001	-6.59252043e-001	
2.63461116e+001	-6.61638499e-001	
2.63670378e+001	-6.64085749e-001	
2.63879640e+001	-6.66615727e-001	
2.64088902e+001	-6.69435560e-001	
2.64298165e+001	-6.72867640e-001	
2.64507427e+001	-6.76129726e-001	
2.64716689e+001	-6.78657427e-001	
2.64925951e+001	-6.81687070e-001	
2.65135214e+001	-6.85036683e-001	
2.65344476e+001	-6.87359868e-001	
2.65553738e+001	-6.90317560e-001	
2.65763000e+001	-6.93930985e-001	
2.65972262e+001	-6.96293020e-001	
2.66181525e+001	-6.99568606e-001	
2.66390787e+001	-7.03010200e-001	
2.66600049e+001	-7.05355324e-001	
2.66809311e+001	-7.08532587e-001	
2.67018573e+001	-7.12452924e-001	
2.67227836e+001	-7.15331335e-001	
2.67437098e+001	-7.17870647e-001	
2.67646360e+001	-7.21165940e-001	
2.67855622e+001	-7.27202732e-001	
2.68064884e+001	-7.19260541e-001	
2.68274147e+001	-7.01296903e-001	
2.68483409e+001	-6.10580264e-001	
2.68692671e+001	-4.51600536e-001	
2.68901933e+001	-2.98021559e-001	
2.69111195e+001	-1.84711622e-001	
2.69320458e+001	-1.39041730e-001	
2.69529720e+001	-1.24555468e-001	
2.69738982e+001	-1.10069206e-001	
2.69948244e+001	-9.55829444e-002	
2.70157506e+001	-9.04488695e-002	
2.70366769e+001	-1.23447852e-001	
2.70576031e+001	-1.70260115e-001	
2.70785293e+001	-3.26084586e-001	
2.70994555e+001	-4.82888072e-001	
2.71203817e+001	-6.69932674e-001	
2.71413080e+001	-6.90816245e-001	
2.71622342e+001	-6.94083613e-001	
2.71831604e+001	-6.96495149e-001	
2.72040866e+001	-6.98055730e-001	
2.72250128e+001	-6.99075906e-001	
2.72459391e+001	-6.99835910e-001	
2.72668653e+001	-7.00557235e-001	
2.72877915e+001	-7.01172241e-001	
2.73087177e+001	-7.01737525e-001	
2.73296439e+001	-7.02478219e-001	
2.73505702e+001	-7.03311862e-001	
2.73714964e+001	-7.04137038e-001	
2.73924226e+001	-7.04758733e-001	
2.74133488e+001	-7.05519358e-001	
2.74342751e+001	-7.06216748e-001	
2.74552013e+001	-7.06854926e-001	
2.74761275e+001	-7.07632734e-001	
2.74970537e+001	-7.08308035e-001	
2.75179799e+001	-7.08902383e-001	
2.75389062e+001	-7.09642254e-001	
2.75598324e+001	-7.10385177e-001	
2.75807586e+001	-7.11168982e-001	
2.76016848e+001	-7.12399299e-001	
2.76226110e+001	-7.13378603e-001	
2.76435373e+001	-7.13584913e-001	
2.76644635e+001	-7.13791224e-001	
2.76853897e+001	-7.14189226e-001	
2.77063159e+001	-7.14594129e-001	
2.77272421e+001	-7.15117159e-001	
2.77481684e+001	-7.15968314e-001	
2.77690946e+001	-7.17010663e-001	
2.77900208e+001	-7.18100408e-001	
2.78109470e+001	-7.16960744e-001	
2.78318732e+001	-7.14951456e-001	
2.78527995e+001	-7.09365692e-001	
2.78737257e+001	-7.01747388e-001	
2.78946519e+001	-6.98706404e-001	
2.79155781e+001	-6.99204607e-001	
2.79365043e+001	-6.99402017e-001	
2.79574306e+001	-6.99264269e-001	
2.79783568e+001	-6.99377782e-001	
2.79992830e+001	-6.99881551e-001	
2.80202092e+001	-7.00396328e-001	
2.80411354e+001	-7.00935601e-001	
2.80620617e+001	-7.01726320e-001	
2.80829879e+001	-7.02265262e-001	
2.81039141e+001	-7.02801884e-001	
2.81248403e+001	-7.03325038e-001	
2.81457665e+001	-7.03859440e-001	
2.81666928e+001	-7.04552029e-001	
2.81876190e+001	-7.04971291e-001	
2.82085452e+001	-7.05662762e-001	
2.82294714e+001	-7.06200017e-001	
2.82503977e+001	-7.06729463e-001	
2.82713239e+001	-7.07389391e-001	
2.82922501e+001	-7.07886966e-001	
2.83131763e+001	-7.08383668e-001	
2.83341025e+001	-7.09034284e-001	
2.83550288e+001	-7.09547589e-001	
2.83759550e+001	-7.10058367e-001	
2.83968812e+001	-7.10663443e-001	
2.84178074e+001	-7.11002433e-001	
2.84387336e+001	-7.11557199e-001	
2.84596599e+001	-7.12113640e-001	
2.84805861e+001	-7.12550970e-001	
2.85015123e+001	-7.13073775e-001	
2.85224385e+001	-7.13863398e-001	
2.85433647e+001	-7.15599607e-001	
2.85642910e+001	-7.18781684e-001	
2.85852172e+001	-7.13055310e-001	
2.86061434e+001	-6.81585463e-001	
2.86270696e+001	-6.20884028e-001	
2.86479958e+001	-4.13387452e-001	
2.86689221e+001	-2.46548286e-001	
2.86898483e+001	-2.24416881e-001	
2.87107745e+001	-2.02285477e-001	
2.87317007e+001	-1.80154072e-001	
2.87526269e+001	-1.58022668e-001	
2.87735532e+001	-2.56204207e-001	
2.87944794e+001	-3.65122702e-001	
2.88154056e+001	-4.74041198e-001	
2.88363318e+001	-5.82959694e-001	
2.88572580e+001	-8.62144633e-001	
2.88781843e+001	-1.01824540e+000	
2.88991105e+001	-1.04469396e+000	
2.89200367e+001	-1.04308442e+000	
2.89409629e+001	-1.04307623e+000	
2.89618891e+001	-1.04320852e+000	
2.89828154e+001	-1.04359939e+000	
2.90037416e+001	-1.04418418e+000	
2.90246678e+001	-1.04466704e+000	
2.90455940e+001	-1.04510122e+000	
2.90665202e+001	-1.04557463e+000	
2.90874465e+001	-1.04615472e+000	
2.91083727e+001	-1.04702063e+000	
2.91292989e+001	-1.04753035e+000	
2.91502251e+001	-1.04803911e+000	
2.91711514e+001	-1.04868796e+000	
2.91920776e+001	-1.04920313e+000	
2.92130038e+001	-1.04970956e+000	
2.92339300e+001	-1.05041771e+000	
2.92548562e+001	-1.05093576e+000	
2.92757825e+001	-1.05149354e+000	
2.92967087e+001	-1.05219885e+000	
2.93176349e+001	-1.05266094e+000	
2.93385611e+001	-1.05385074e+000	
2.93594873e+001	-1.05539712e+000	
2.93804136e+001	-1.05602463e+000	
2.94013398e+001	-1.05636119e+000	
2.94222660e+001	-1.05699776e+000	
2.94431922e+001	-1.05777071e+000	
2.94641184e+001	-1.05828842e+000	
2.94850447e+001	-1.05927406e+000	
2.95059709e+001	-1.06037401e+000	
2.95268971e+001	-1.06157800e+000	
2.95478233e+001	-1.06170839e+000	
2.95687495e+001	-1.06048125e+000	
2.95896758e+001	-1.05655973e+000	
2.96106020e+001	-1.04784478e+000	
2.96315282e+001	-1.04279813e+000	
2.96524544e+001	-1.04723008e+000	
2.96733806e+001	-1.05072684e+000	
2.96943069e+001	-1.05038010e+000	
2.97152331e+001	-1.05008109e+000	
2.97361593e+001	-1.05015352e+000	
2.97570855e+001	-1.05023232e+000	
2.97780117e+001	-1.05050382e+000	
2.97989380e+001	-1.05077532e+000	
2.98198642e+001	-1.05133881e+000	
2.98407904e+001	-1.05151470e+000	
2.98617166e+001	-1.05166779e+000	
2.98826428e+001	-1.05181743e+000	
2.99035691e+001	-1.05204733e+000	
2.99244953e+001	-1.05221410e+000	
2.99454215e+001	-1.05240520e+000	
2.99663477e+001	-1.05262664e+000	
2.99872740e+001	-1.05286273e+000	
3.00082002e+001	-1.05308112e+000	
3.00291264e+001	-1.05332606e+000	
3.00500526e+001	-1.05352935e+000	
3.00709788e+001	-1.05376180e+000	
3.00919051e+001	-1.05402000e+000	
3.01128313e+001	-1.05422543e+000	
3.01337575e+001	-1.05444868e+000	
3.01546837e+001	-1.05447405e+000	
3.01756099e+001	-1.05471915e+000	
3.01965362e+001	-1.05497425e+000	
3.02174624e+001	-1.05519763e+000	
3.02383886e+001	-1.05542702e+000	
3.02593148e+001	-1.05570191e+000	
3.02802410e+001	-1.05620180e+000	
3.03011673e+001	-1.06001508e+000	
3.03220935e+001	-1.06382835e+000	
3.03430197e+001	-1.05117031e+000	
3.03639459e+001	-1.03863503e+000	
3.03848721e+001	-8.14565769e-001	
3.04057984e+001	-5.13727747e-001	
3.04267246e+001	-3.96015396e-001	
3.04476508e+001	-3.25543776e-001	
3.04685770e+001	-2.55072156e-001	
3.04895032e+001	-1.84600536e-001	
3.05104295e+001	-2.14528506e-001	
3.05313557e+001	-3.00289279e-001	
3.05522819e+001	-3.86050051e-001	
3.05732081e+001	-4.71810824e-001	
3.05941343e+001	-6.84563533e-001	
3.06150606e+001	-9.80150081e-001	
3.06359868e+001	-1.11602902e+000	
3.06569130e+001	-1.12107668e+000	
3.06778392e+001	-1.12443215e+000	
3.06987654e+001	-1.12185640e+000	
3.07196917e+001	-1.11986215e+000	
3.07406179e+001	-1.11984604e+000	
3.07615441e+001	-1.11992278e+000	
3.07824703e+001	-1.11997643e+000	
3.08033965e+001	-1.12002509e+000	
3.08243228e+001	-1.12000492e+000	
3.08452490e+001	-1.12008691e+000	
3.08661752e+001	-1.12048369e+000	
3.08871014e+001	-1.12057748e+000	
3.09080277e+001	-1.12069499e+000	
3.09289539e+001	-1.12082272e+000	
3.09498801e+001	-1.12082981e+000	
3.09708063e+001	-1.12100609e+000	
3.09917325e+001	-1.12124229e+000	
3.10126588e+001	-1.12139800e+000	
3.10335850e+001	-1.12161421e+000	
3.10545112e+001	-1.12172462e+000	
3.10754374e+001	-1.12195668e+000	
3.10963636e+001	-1.12257718e+000	
3.11172899e+001	-1.12327353e+000	
3.11382161e+001	-1.12388725e+000	
3.11591423e+001	-1.12496209e+000	
3.11800685e+001	-1.12670121e+000	
3.12009947e+001	-1.12758720e+000	
3.12219210e+001	-1.12792505e+000	
3.12428472e+001	-1.12827500e+000	
3.12637734e+001	-1.12866226e+000	
3.12846996e+001	-1.12891335e+000	
3.13056258e+001	-1.12846921e+000	
3.13265521e+001	-1.12719545e+000	
3.13474783e+001	-1.11663392e+000	
3.13684045e+001	-1.10607249e+000	
