% Column 0: Length, cm
% Column 1: H.n, Amp/m
0.00000000e+000	-8.78506177e+005	
2.09262205e-002	-8.86896639e+005	
4.18524410e-002	-8.95287168e+005	
6.27786614e-002	-8.96301797e+005	
8.37048819e-002	-8.96657578e+005	
1.04631102e-001	-8.96469273e+005	
1.25557323e-001	-8.96174397e+005	
1.46483543e-001	-8.96071760e+005	
1.67409764e-001	-8.96031767e+005	
1.88335984e-001	-8.96176978e+005	
2.09262205e-001	-8.95924835e+005	
2.30188425e-001	-8.95648781e+005	
2.51114646e-001	-8.95356143e+005	
2.72040866e-001	-8.95042443e+005	
2.92967087e-001	-8.94788989e+005	
3.13893307e-001	-8.94592575e+005	
3.34819528e-001	-8.94337546e+005	
3.55745748e-001	-8.94144777e+005	
3.76671969e-001	-8.93975829e+005	
3.97598189e-001	-8.93841039e+005	
4.18524410e-001	-8.93677074e+005	
4.39450630e-001	-8.93574652e+005	
4.60376851e-001	-8.93419279e+005	
4.81303071e-001	-8.93284771e+005	
5.02229292e-001	-8.93157516e+005	
5.23155512e-001	-8.92889032e+005	
5.44081733e-001	-8.92843549e+005	
5.65007953e-001	-8.92747217e+005	
5.85934173e-001	-8.92730552e+005	
6.06860394e-001	-8.92719538e+005	
6.27786614e-001	-8.92665539e+005	
6.48712835e-001	-8.92654049e+005	
6.69639055e-001	-8.94133834e+005	
6.90565276e-001	-8.96053589e+005	
7.11491496e-001	-8.93544214e+005	
7.32417717e-001	-8.89816494e+005	
7.53343937e-001	-7.91416597e+005	
7.74270158e-001	-5.54628198e+005	
7.95196378e-001	-3.78855161e+005	
8.16122599e-001	-3.11807688e+005	
8.37048819e-001	-2.44760216e+005	
8.57975040e-001	-1.77712743e+005	
8.78901260e-001	-1.63137204e+005	
8.99827481e-001	-2.43008933e+005	
9.20753701e-001	-3.22880662e+005	
9.41679922e-001	-4.02752392e+005	
9.62606142e-001	-5.10434679e+005	
9.83532363e-001	-7.17361644e+005	
1.00445858e+000	-8.34323073e+005	
1.02538480e+000	-8.36852087e+005	
1.04631102e+000	-8.39743003e+005	
1.06723724e+000	-8.39778910e+005	
1.08816347e+000	-8.39814817e+005	
1.10908969e+000	-8.39439186e+005	
1.13001591e+000	-8.38972848e+005	
1.15094213e+000	-8.38647419e+005	
1.17186835e+000	-8.38344177e+005	
1.19279457e+000	-8.37927027e+005	
1.21372079e+000	-8.37555050e+005	
1.23464701e+000	-8.37418640e+005	
1.25557323e+000	-8.37080157e+005	
1.27649945e+000	-8.36725083e+005	
1.29742567e+000	-8.36380430e+005	
1.31835189e+000	-8.36007721e+005	
1.33927811e+000	-8.35665926e+005	
1.36020433e+000	-8.35361783e+005	
1.38113055e+000	-8.35031212e+005	
1.40205677e+000	-8.34662406e+005	
1.42298299e+000	-8.34313524e+005	
1.44390921e+000	-8.33945087e+005	
1.46483543e+000	-8.33655139e+005	
1.48576165e+000	-8.33384123e+005	
1.50668787e+000	-8.33239727e+005	
1.52761410e+000	-8.33125638e+005	
1.54854032e+000	-8.33210895e+005	
1.56946654e+000	-8.32992988e+005	
1.59039276e+000	-8.32888914e+005	
1.61131898e+000	-8.32784841e+005	
1.63224520e+000	-8.33250756e+005	
1.65317142e+000	-8.33735502e+005	
1.67409764e+000	-8.33357343e+005	
1.69502386e+000	-8.32868197e+005	
1.71595008e+000	-8.29770925e+005	
1.73687630e+000	-8.26039299e+005	
1.75780252e+000	-8.30924355e+005	
1.77872874e+000	-8.39159075e+005	
1.79965496e+000	-8.43014403e+005	
1.82058118e+000	-8.44408203e+005	
1.84150740e+000	-8.44501077e+005	
1.86243362e+000	-8.43565103e+005	
1.88335984e+000	-8.42780815e+005	
1.90428606e+000	-8.42163232e+005	
1.92521228e+000	-8.41996367e+005	
1.94613850e+000	-8.41722097e+005	
1.96706473e+000	-8.41442268e+005	
1.98799095e+000	-8.41150186e+005	
2.00891717e+000	-8.40673570e+005	
2.02984339e+000	-8.39617959e+005	
2.05076961e+000	-8.38782035e+005	
2.07169583e+000	-8.38279120e+005	
2.09262205e+000	-8.37633523e+005	
2.11354827e+000	-8.37091962e+005	
2.13447449e+000	-8.36688824e+005	
2.15540071e+000	-8.36072784e+005	
2.17632693e+000	-8.35596491e+005	
2.19725315e+000	-8.35126794e+005	
2.21817937e+000	-8.34541535e+005	
2.23910559e+000	-8.34079344e+005	
2.26003181e+000	-8.33632724e+005	
2.28095803e+000	-8.32885251e+005	
2.30188425e+000	-8.32327675e+005	
2.32281047e+000	-8.31892213e+005	
2.34373669e+000	-8.31513933e+005	
2.36466291e+000	-8.31086041e+005	
2.38558913e+000	-8.30555940e+005	
2.40651536e+000	-8.30192168e+005	
2.42744158e+000	-8.30058198e+005	
2.44836780e+000	-8.30093237e+005	
2.46929402e+000	-8.31485131e+005	
2.49022024e+000	-8.12260045e+005	
2.51114646e+000	-6.87564964e+005	
2.53207268e+000	-4.54993757e+005	
2.55299890e+000	-3.71287457e+005	
2.57392512e+000	-2.87581157e+005	
2.59485134e+000	-2.03874857e+005	
2.61577756e+000	-1.28726560e+005	
2.63670378e+000	-1.48094989e+005	
2.65763000e+000	-1.67463418e+005	
2.67855622e+000	-1.86831847e+005	
2.69948244e+000	-2.06200276e+005	
2.72040866e+000	-3.40253922e+005	
2.74133488e+000	-5.00734473e+005	
2.76226110e+000	-5.47105769e+005	
2.78318732e+000	-5.70898540e+005	
2.80411354e+000	-5.75233951e+005	
2.82503977e+000	-5.72812557e+005	
2.84596599e+000	-5.71473945e+005	
2.86689221e+000	-5.70845890e+005	
2.88781843e+000	-5.70426215e+005	
2.90874465e+000	-5.70075788e+005	
2.92967087e+000	-5.69630151e+005	
2.95059709e+000	-5.69186139e+005	
2.97152331e+000	-5.68915227e+005	
2.99244953e+000	-5.68431698e+005	
3.01337575e+000	-5.68023677e+005	
3.03430197e+000	-5.67613138e+005	
3.05522819e+000	-5.67093097e+005	
3.07615441e+000	-5.66697529e+005	
3.09708063e+000	-5.66300910e+005	
3.11800685e+000	-5.65775520e+005	
3.13893307e+000	-5.65355265e+005	
3.15985929e+000	-5.64928535e+005	
3.18078551e+000	-5.64378996e+005	
3.20171173e+000	-5.64045053e+005	
3.22263795e+000	-5.63492898e+005	
3.24356417e+000	-5.63066770e+005	
3.26449040e+000	-5.62649604e+005	
3.28541662e+000	-5.62220445e+005	
3.30634284e+000	-5.61789221e+005	
3.32726906e+000	-5.61156433e+005	
3.34819528e+000	-5.60724921e+005	
3.36912150e+000	-5.60312158e+005	
3.39004772e+000	-5.59907822e+005	
3.41097394e+000	-5.59815832e+005	
3.43190016e+000	-5.59924944e+005	
3.45282638e+000	-5.59765607e+005	
3.47375260e+000	-5.59365349e+005	
3.49467882e+000	-5.61798855e+005	
3.51560504e+000	-5.67897310e+005	
3.53653126e+000	-5.72368518e+005	
3.55745748e+000	-5.73976407e+005	
3.57838370e+000	-5.74888192e+005	
3.59930992e+000	-5.74015405e+005	
3.62023614e+000	-5.73180570e+005	
3.64116236e+000	-5.72498833e+005	
3.66208858e+000	-5.72079913e+005	
3.68301480e+000	-5.71756383e+005	
3.70394103e+000	-5.71438377e+005	
3.72486725e+000	-5.71273833e+005	
3.74579347e+000	-5.71109289e+005	
3.76671969e+000	-5.70327551e+005	
3.78764591e+000	-5.69345494e+005	
3.80857213e+000	-5.68720505e+005	
3.82949835e+000	-5.68128938e+005	
3.85042457e+000	-5.67541222e+005	
3.87135079e+000	-5.67068178e+005	
3.89227701e+000	-5.66530838e+005	
3.91320323e+000	-5.65912596e+005	
3.93412945e+000	-5.65403810e+005	
3.95505567e+000	-5.64846125e+005	
3.97598189e+000	-5.64237941e+005	
3.99690811e+000	-5.63740886e+005	
4.01783433e+000	-5.63081192e+005	
4.03876055e+000	-5.62415244e+005	
4.05968677e+000	-5.61822790e+005	
4.08061299e+000	-5.61369277e+005	
4.10153921e+000	-5.60875043e+005	
4.12246543e+000	-5.60293544e+005	
4.14339166e+000	-5.59687881e+005	
4.16431788e+000	-5.58898590e+005	
4.18524410e+000	-5.57691040e+005	
4.20617032e+000	-5.55905771e+005	
4.22709654e+000	-5.53406852e+005	
4.24802276e+000	-5.36287433e+005	
4.26894898e+000	-3.86853519e+005	
4.28987520e+000	-2.62100861e+005	
4.31080142e+000	-1.38146429e+005	
4.33172764e+000	-1.01025898e+005	
4.35265386e+000	-7.49083441e+004	
4.37358008e+000	-7.99230704e+004	
4.39450630e+000	-9.23840905e+004	
4.41543252e+000	-1.04845110e+005	
4.43635874e+000	-1.17306130e+005	
4.45728496e+000	-1.55353349e+005	
4.47821118e+000	-2.45169278e+005	
4.49913740e+000	-3.65701264e+005	
4.52006362e+000	-4.90785459e+005	
4.54098984e+000	-5.62149144e+005	
4.56191607e+000	-5.76245762e+005	
4.58284229e+000	-5.82453465e+005	
4.60376851e+000	-5.77653708e+005	
4.62469473e+000	-5.75011655e+005	
4.64562095e+000	-5.72976378e+005	
4.66654717e+000	-5.70669208e+005	
4.68747339e+000	-5.67526788e+005	
4.70839961e+000	-5.64980759e+005	
4.72932583e+000	-5.63102115e+005	
4.75025205e+000	-5.60345900e+005	
4.77117827e+000	-5.57722797e+005	
4.79210449e+000	-5.55831071e+005	
4.81303071e+000	-5.52938893e+005	
4.83395693e+000	-5.50571108e+005	
4.85488315e+000	-5.48711635e+005	
4.87580937e+000	-5.46032057e+005	
4.89673559e+000	-5.43608104e+005	
4.91766181e+000	-5.41585138e+005	
4.93858803e+000	-5.38973712e+005	
4.95951425e+000	-5.36226018e+005	
4.98044047e+000	-5.33968365e+005	
5.00136670e+000	-5.31942718e+005	
5.02229292e+000	-5.29982748e+005	
5.04321914e+000	-5.28071044e+005	
5.06414536e+000	-5.25839800e+005	
5.08507158e+000	-5.23625828e+005	
5.10599780e+000	-5.21542893e+005	
5.12692402e+000	-5.19646665e+005	
5.14785024e+000	-5.17807455e+005	
5.16877646e+000	-5.16083633e+005	
5.18970268e+000	-5.15356094e+005	
5.21062890e+000	-5.17641740e+005	
5.23155512e+000	-5.22670739e+005	
5.25248134e+000	-5.42315217e+005	
5.27340756e+000	-5.61589035e+005	
5.29433378e+000	-5.76848919e+005	
5.31526000e+000	-5.92098580e+005	
5.33618622e+000	-6.03797712e+005	
5.35711244e+000	-6.15496844e+005	
5.37803866e+000	-6.16215591e+005	
5.39896488e+000	-6.15990221e+005	
5.41989110e+000	-6.11644455e+005	
5.44081733e+000	-6.06142869e+005	
5.46174355e+000	-6.01123412e+005	
5.48266977e+000	-5.96258731e+005	
5.50359599e+000	-5.89969626e+005	
5.52452221e+000	-5.84661480e+005	
5.54544843e+000	-5.79485476e+005	
5.56637465e+000	-5.74293494e+005	
5.58730087e+000	-5.69500261e+005	
5.60822709e+000	-5.64526467e+005	
5.62915331e+000	-5.59997551e+005	
5.65007953e+000	-5.55481331e+005	
5.67100575e+000	-5.50506773e+005	
5.69193197e+000	-5.46233679e+005	
5.71285819e+000	-5.41626653e+005	
5.73378441e+000	-5.36935988e+005	
5.75471063e+000	-5.31843779e+005	
5.77563685e+000	-5.26272312e+005	
5.79656307e+000	-5.22677494e+005	
5.81748929e+000	-5.21236589e+005	
5.83841551e+000	-5.19726956e+005	
5.85934173e+000	-5.14755431e+005	
5.88026796e+000	-5.09199562e+005	
5.90119418e+000	-5.04032683e+005	
5.92212040e+000	-4.98892663e+005	
5.94304662e+000	-4.77315048e+005	
5.96397284e+000	-4.53043375e+005	
5.98489906e+000	-4.08430307e+005	
6.00582528e+000	-3.21413603e+005	
6.02675150e+000	-2.62839626e+005	
6.04767772e+000	-2.22888703e+005	
6.06860394e+000	-1.82937780e+005	
6.08953016e+000	-1.42986857e+005	
6.11045638e+000	-1.15935878e+005	
6.13138260e+000	-1.01702844e+005	
6.15230882e+000	-1.04026117e+005	
6.17323504e+000	-1.26931613e+005	
6.19416126e+000	-1.54129440e+005	
6.21508748e+000	-1.79097463e+005	
6.23601370e+000	-1.82558238e+005	
6.25693992e+000	-1.83102449e+005	
6.27786614e+000	-1.83630752e+005	
6.29879237e+000	-1.83600875e+005	
6.31971859e+000	-1.83566633e+005	
6.34064481e+000	-1.83499943e+005	
6.36157103e+000	-1.83436050e+005	
6.38249725e+000	-1.83395602e+005	
6.40342347e+000	-1.83355154e+005	
6.42434969e+000	-1.83294250e+005	
6.44527591e+000	-1.83234170e+005	
6.46620213e+000	-1.83229586e+005	
6.48712835e+000	-1.83173614e+005	
6.50805457e+000	-1.83117150e+005	
6.52898079e+000	-1.83064936e+005	
6.54990701e+000	-1.83003150e+005	
6.57083323e+000	-1.82949165e+005	
6.59175945e+000	-1.82893141e+005	
6.61268567e+000	-1.82832888e+005	
6.63361189e+000	-1.82763187e+005	
6.65453811e+000	-1.82701367e+005	
6.67546433e+000	-1.82636932e+005	
6.69639055e+000	-1.82559576e+005	
6.71731677e+000	-1.82482423e+005	
6.73824300e+000	-1.82439602e+005	
6.75916922e+000	-1.82387106e+005	
6.78009544e+000	-1.82311880e+005	
6.80102166e+000	-1.82166537e+005	
6.82194788e+000	-1.82069896e+005	
6.84287410e+000	-1.82011454e+005	
6.86380032e+000	-1.82198425e+005	
6.88472654e+000	-1.82416152e+005	
6.90565276e+000	-1.83185811e+005	
6.92657898e+000	-1.83955469e+005	
6.94750520e+000	-1.84117873e+005	
6.96843142e+000	-1.84262123e+005	
6.98935764e+000	-1.87182794e+005	
7.01028386e+000	-1.90466788e+005	
7.03121008e+000	-1.93831573e+005	
7.05213630e+000	-1.97215322e+005	
7.07306252e+000	-1.98056696e+005	
7.09398874e+000	-1.97933781e+005	
7.11491496e+000	-1.97061869e+005	
7.13584118e+000	-1.95774272e+005	
7.15676740e+000	-1.94893771e+005	
7.17769363e+000	-1.94171277e+005	
7.19861985e+000	-1.93428080e+005	
7.21954607e+000	-1.92662327e+005	
7.24047229e+000	-1.91697402e+005	
7.26139851e+000	-1.90590639e+005	
7.28232473e+000	-1.89738911e+005	
7.30325095e+000	-1.88861927e+005	
7.32417717e+000	-1.88090330e+005	
7.34510339e+000	-1.87190003e+005	
7.36602961e+000	-1.86458515e+005	
7.38695583e+000	-1.85672396e+005	
7.40788205e+000	-1.84824401e+005	
7.42880827e+000	-1.84072320e+005	
7.44973449e+000	-1.83227347e+005	
7.47066071e+000	-1.82528343e+005	
7.49158693e+000	-1.81733809e+005	
7.51251315e+000	-1.80975347e+005	
7.53343937e+000	-1.80123840e+005	
7.55436559e+000	-1.79476678e+005	
7.57529181e+000	-1.78877879e+005	
7.59621803e+000	-1.78009592e+005	
7.61714426e+000	-1.76639547e+005	
7.63807048e+000	-1.74992771e+005	
7.65899670e+000	-1.73293089e+005	
7.67992292e+000	-1.73262493e+005	
7.70084914e+000	-1.74577496e+005	
7.72177536e+000	-1.76266014e+005	
7.74270158e+000	-1.50931926e+005	
7.76362780e+000	-1.06433990e+005	
7.78455402e+000	-8.13369215e+004	
7.80548024e+000	-5.62398530e+004	
7.82640646e+000	-3.11427845e+004	
7.84733268e+000	-5.97574049e+003	
7.86825890e+000	1.74669558e+004	
7.88918512e+000	4.29712638e+004	
7.91011134e+000	7.86858993e+004	
7.93103756e+000	1.15326951e+005	
7.95196378e+000	1.60103535e+005	
7.97289000e+000	1.70991233e+005	
7.99381622e+000	1.70915957e+005	
8.01474244e+000	1.70840681e+005	
8.03566867e+000	1.71243128e+005	
8.05659489e+000	1.71584446e+005	
8.07752111e+000	1.72402987e+005	
8.09844733e+000	1.72939854e+005	
8.11937355e+000	1.73175502e+005	
8.14029977e+000	1.73344944e+005	
8.16122599e+000	1.73820086e+005	
8.18215221e+000	1.74414935e+005	
8.20307843e+000	1.74936938e+005	
8.22400465e+000	1.75418514e+005	
8.24493087e+000	1.75886644e+005	
8.26585709e+000	1.76331515e+005	
8.28678331e+000	1.76814812e+005	
8.30770953e+000	1.77267984e+005	
8.32863575e+000	1.77721760e+005	
8.34956197e+000	1.78216985e+005	
8.37048819e+000	1.78654536e+005	
8.39141441e+000	1.79171144e+005	
8.41234063e+000	1.79631755e+005	
8.43326685e+000	1.80148945e+005	
8.45419307e+000	1.80811401e+005	
8.47511930e+000	1.81320594e+005	
8.49604552e+000	1.81826362e+005	
8.51697174e+000	1.82171334e+005	
8.53789796e+000	1.82516305e+005	
8.55882418e+000	1.82825355e+005	
8.57975040e+000	1.83206131e+005	
8.60067662e+000	1.83829437e+005	
8.62160284e+000	1.84493224e+005	
8.64252906e+000	1.84384957e+005	
8.66345528e+000	1.84052492e+005	
8.68438150e+000	1.82189067e+005	
8.70530772e+000	1.79647873e+005	
8.72623394e+000	1.78918660e+005	
8.74716016e+000	1.79324182e+005	
8.76808638e+000	1.79293630e+005	
8.78901260e+000	1.78874803e+005	
8.80993882e+000	1.78415065e+005	
8.83086504e+000	1.77904824e+005	
8.85179126e+000	1.77508517e+005	
8.87271748e+000	1.77310152e+005	
8.89364370e+000	1.77156088e+005	
8.91456993e+000	1.76869179e+005	
8.93549615e+000	1.76614000e+005	
8.95642237e+000	1.76484647e+005	
8.97734859e+000	1.76347406e+005	
8.99827481e+000	1.76139648e+005	
9.01920103e+000	1.75789276e+005	
9.04012725e+000	1.75505217e+005	
9.06105347e+000	1.75257829e+005	
9.08197969e+000	1.75024768e+005	
9.10290591e+000	1.74807961e+005	
9.12383213e+000	1.74561492e+005	
9.14475835e+000	1.74339371e+005	
9.16568457e+000	1.74085900e+005	
9.18661079e+000	1.73855070e+005	
9.20753701e+000	1.73626626e+005	
9.22846323e+000	1.73387178e+005	
9.24938945e+000	1.73129642e+005	
9.27031567e+000	1.72861002e+005	
9.29124189e+000	1.72591547e+005	
9.31216811e+000	1.72360205e+005	
9.33309433e+000	1.72061832e+005	
9.35402056e+000	1.71784454e+005	
9.37494678e+000	1.71631755e+005	
9.39587300e+000	1.71463412e+005	
9.41679922e+000	1.71259620e+005	
9.43772544e+000	1.71270586e+005	
9.45865166e+000	1.69814378e+005	
9.47957788e+000	1.57676642e+005	
9.50050410e+000	1.25266812e+005	
9.52143032e+000	1.24044314e+005	
9.54235654e+000	1.22821816e+005	
9.56328276e+000	1.21599319e+005	
9.58420898e+000	1.20376821e+005	
9.60513520e+000	1.69318513e+005	
9.62606142e+000	2.18941708e+005	
9.64698764e+000	2.68564903e+005	
9.66791386e+000	3.18188098e+005	
9.68884008e+000	4.38011417e+005	
9.70976630e+000	4.90134748e+005	
9.73069252e+000	4.98160770e+005	
9.75161874e+000	4.99211089e+005	
9.77254497e+000	5.01611412e+005	
9.79347119e+000	5.04400895e+005	
9.81439741e+000	5.07553698e+005	
9.83532363e+000	5.11092046e+005	
9.85624985e+000	5.14240641e+005	
9.87717607e+000	5.16865867e+005	
9.89810229e+000	5.20206879e+005	
9.91902851e+000	5.24116822e+005	
9.93995473e+000	5.27291385e+005	
9.96088095e+000	5.30644190e+005	
9.98180717e+000	5.34145088e+005	
1.00027334e+001	5.37412387e+005	
1.00236596e+001	5.41396915e+005	
1.00445858e+001	5.44745683e+005	
1.00655121e+001	5.48453735e+005	
1.00864383e+001	5.52074170e+005	
1.01073645e+001	5.55731125e+005	
1.01282907e+001	5.59839754e+005	
1.01492169e+001	5.64056405e+005	
1.01701432e+001	5.70027555e+005	
1.01910694e+001	5.74548448e+005	
1.02119956e+001	5.77124316e+005	
1.02329218e+001	5.79341078e+005	
1.02538480e+001	5.84141952e+005	
1.02747743e+001	5.89836399e+005	
1.02957005e+001	5.93266911e+005	
1.03166267e+001	5.96009453e+005	
1.03375529e+001	5.92957919e+005	
1.03584791e+001	5.85695944e+005	
1.03794054e+001	5.76298630e+005	
1.04003316e+001	5.64742995e+005	
1.04212578e+001	5.52167861e+005	
1.04421840e+001	5.38157122e+005	
1.04631102e+001	5.27058096e+005	
1.04840365e+001	5.21300023e+005	
1.05049627e+001	5.17290480e+005	
1.05258889e+001	5.18485582e+005	
1.05468151e+001	5.19703742e+005	
1.05677413e+001	5.21034634e+005	
1.05886676e+001	5.22357885e+005	
1.06095938e+001	5.23601736e+005	
1.06305200e+001	5.25014496e+005	
1.06514462e+001	5.26347981e+005	
1.06723724e+001	5.27681465e+005	
1.06932987e+001	5.28901655e+005	
1.07142249e+001	5.30112523e+005	
1.07351511e+001	5.31863906e+005	
1.07560773e+001	5.33107315e+005	
1.07770035e+001	5.34674078e+005	
1.07979298e+001	5.36109400e+005	
1.08188560e+001	5.37399491e+005	
1.08397822e+001	5.38953327e+005	
1.08607084e+001	5.40351466e+005	
1.08816347e+001	5.41605038e+005	
1.09025609e+001	5.43174937e+005	
1.09234871e+001	5.44660510e+005	
1.09444133e+001	5.45929277e+005	
1.09653395e+001	5.47462649e+005	
1.09862658e+001	5.48789991e+005	
1.10071920e+001	5.50115361e+005	
1.10281182e+001	5.51732086e+005	
1.10490444e+001	5.52902122e+005	
1.10699706e+001	5.54196591e+005	
1.10908969e+001	5.56088508e+005	
1.11118231e+001	5.58453810e+005	
1.11327493e+001	5.62190658e+005	
1.11536755e+001	5.64850021e+005	
1.11746017e+001	5.36488949e+005	
1.11955280e+001	5.08127877e+005	
1.12164542e+001	3.31590067e+005	
1.12373804e+001	1.85559886e+005	
1.12583066e+001	1.49480168e+005	
1.12792328e+001	1.30815310e+005	
1.13001591e+001	1.12150452e+005	
1.13210853e+001	9.34855949e+004	
1.13420115e+001	1.27713809e+005	
1.13629377e+001	1.84569908e+005	
1.13838639e+001	2.41426007e+005	
1.14047902e+001	2.98282106e+005	
1.14257164e+001	4.25812475e+005	
1.14466426e+001	5.40771979e+005	
1.14675688e+001	5.60781182e+005	
1.14884950e+001	5.60263489e+005	
1.15094213e+001	5.60306447e+005	
1.15303475e+001	5.60484673e+005	
1.15512737e+001	5.60707639e+005	
1.15721999e+001	5.61023949e+005	
1.15931261e+001	5.61272924e+005	
1.16140524e+001	5.61489643e+005	
1.16349786e+001	5.61715520e+005	
1.16559048e+001	5.62010245e+005	
1.16768310e+001	5.62460046e+005	
1.16977572e+001	5.62707268e+005	
1.17186835e+001	5.62931464e+005	
1.17396097e+001	5.63245103e+005	
1.17605359e+001	5.63498284e+005	
1.17814621e+001	5.63743102e+005	
1.18023884e+001	5.64041282e+005	
1.18233146e+001	5.64281035e+005	
1.18442408e+001	5.64520652e+005	
1.18651670e+001	5.64784201e+005	
1.18860932e+001	5.65045473e+005	
1.19070195e+001	5.65370809e+005	
1.19279457e+001	5.65798518e+005	
1.19488719e+001	5.66071790e+005	
1.19697981e+001	5.66190590e+005	
1.19907243e+001	5.66303319e+005	
1.20116506e+001	5.66409079e+005	
1.20325768e+001	5.66374514e+005	
1.20535030e+001	5.66668219e+005	
1.20744292e+001	5.67026029e+005	
1.20953554e+001	5.67532453e+005	
1.21162817e+001	5.67776775e+005	
1.21372079e+001	5.67088463e+005	
1.21581341e+001	5.65850398e+005	
1.21790603e+001	5.61167198e+005	
1.21999865e+001	5.56883613e+005	
1.22209128e+001	5.59236499e+005	
1.22418390e+001	5.61589386e+005	
1.22627652e+001	5.61466201e+005	
1.22836914e+001	5.61275553e+005	
1.23046176e+001	5.61291511e+005	
1.23255439e+001	5.61332579e+005	
1.23464701e+001	5.61466214e+005	
1.23673963e+001	5.61621593e+005	
1.23883225e+001	5.61972671e+005	
1.24092487e+001	5.62114588e+005	
1.24301750e+001	5.62249459e+005	
1.24511012e+001	5.62380472e+005	
1.24720274e+001	5.62553365e+005	
1.24929536e+001	5.62708286e+005	
1.25138798e+001	5.62837676e+005	
1.25348061e+001	5.62995682e+005	
1.25557323e+001	5.63174419e+005	
1.25766585e+001	5.63301305e+005	
1.25975847e+001	5.63453307e+005	
1.26185110e+001	5.63584843e+005	
1.26394372e+001	5.63709202e+005	
1.26603634e+001	5.63870004e+005	
1.26812896e+001	5.63995839e+005	
1.27022158e+001	5.64112461e+005	
1.27231421e+001	5.64131882e+005	
1.27440683e+001	5.64258310e+005	
1.27649945e+001	5.64402796e+005	
1.27859207e+001	5.64513501e+005	
1.28068469e+001	5.64623876e+005	
1.28277732e+001	5.64760722e+005	
1.28486994e+001	5.64913618e+005	
1.28696256e+001	5.66585506e+005	
1.28905518e+001	5.68576152e+005	
1.29114780e+001	5.63852016e+005	
1.29324043e+001	5.57301478e+005	
1.29533305e+001	4.70992470e+005	
1.29742567e+001	3.13070212e+005	
1.29951829e+001	2.21464519e+005	
1.30161091e+001	1.91418761e+005	
1.30370354e+001	1.61373003e+005	
1.30579616e+001	1.31327246e+005	
1.30788878e+001	1.43074864e+005	
1.30998140e+001	2.12745475e+005	
1.31207402e+001	2.82416085e+005	
1.31416665e+001	3.52086696e+005	
1.31625927e+001	4.69726982e+005	
1.31835189e+001	7.06845482e+005	
1.32044451e+001	8.35287244e+005	
1.32253713e+001	8.38578879e+005	
1.32462976e+001	8.41926836e+005	
1.32672238e+001	8.40183873e+005	
1.32881500e+001	8.38452665e+005	
1.33090762e+001	8.38396746e+005	
1.33300024e+001	8.38410785e+005	
1.33509287e+001	8.38419920e+005	
1.33718549e+001	8.38428456e+005	
1.33927811e+001	8.38411828e+005	
1.34137073e+001	8.38418192e+005	
1.34346335e+001	8.38644956e+005	
1.34555598e+001	8.38668459e+005	
1.34764860e+001	8.38695141e+005	
1.34974122e+001	8.38724958e+005	
1.35183384e+001	8.38735500e+005	
1.35392647e+001	8.38773025e+005	
1.35601909e+001	8.38843463e+005	
1.35811171e+001	8.38900671e+005	
1.36020433e+001	8.38918515e+005	
1.36229695e+001	8.38956297e+005	
1.36438958e+001	8.38971591e+005	
1.36648220e+001	8.39176559e+005	
1.36857482e+001	8.39453741e+005	
1.37066744e+001	8.39695743e+005	
1.37276006e+001	8.40030409e+005	
1.37485269e+001	8.40766591e+005	
1.37694531e+001	8.41138385e+005	
1.37903793e+001	8.41265867e+005	
1.38113055e+001	8.41396226e+005	
1.38322317e+001	8.41646494e+005	
1.38531580e+001	8.41896762e+005	
1.38740842e+001	8.41634247e+005	
1.38950104e+001	8.41339909e+005	
1.39159366e+001	8.36956097e+005	
1.39368628e+001	8.31905696e+005	
1.39577891e+001	8.34838841e+005	
1.39787153e+001	8.40053215e+005	
1.39996415e+001	8.41879918e+005	
1.40205677e+001	8.42224941e+005	
1.40414939e+001	8.42177814e+005	
1.40624202e+001	8.41884135e+005	
1.40833464e+001	8.41720855e+005	
1.41042726e+001	8.41672291e+005	
1.41251988e+001	8.41900055e+005	
1.41461250e+001	8.41777128e+005	
1.41670513e+001	8.41653043e+005	
1.41879775e+001	8.41526971e+005	
1.42089037e+001	8.41381910e+005	
1.42298299e+001	8.41210449e+005	
1.42507561e+001	8.41103817e+005	
1.42716824e+001	8.40990876e+005	
1.42926086e+001	8.40898838e+005	
1.43135348e+001	8.40798276e+005	
1.43344610e+001	8.40716600e+005	
1.43553873e+001	8.40607997e+005	
1.43763135e+001	8.40541902e+005	
1.43972397e+001	8.40440381e+005	
1.44181659e+001	8.40348601e+005	
1.44390921e+001	8.40271420e+005	
1.44600184e+001	8.40193621e+005	
1.44809446e+001	8.39920069e+005	
1.45018708e+001	8.39843085e+005	
1.45227970e+001	8.39790754e+005	
1.45437232e+001	8.39749310e+005	
1.45646495e+001	8.39685978e+005	
1.45855757e+001	8.39629412e+005	
1.46065019e+001	8.40710393e+005	
1.46274281e+001	8.42716196e+005	
1.46483543e+001	8.41741751e+005	
1.46692806e+001	8.38459662e+005	
1.46902068e+001	7.73291704e+005	
1.47111330e+001	5.76217740e+005	
1.47320592e+001	3.75818516e+005	
1.47529854e+001	3.12521775e+005	
1.47739117e+001	2.49225035e+005	
1.47948379e+001	1.85928294e+005	
1.48157641e+001	1.39365027e+005	
1.48366903e+001	1.93380062e+005	
1.48576165e+001	2.47395097e+005	
1.48785428e+001	3.01410132e+005	
1.48994690e+001	3.55425167e+005	
1.49203952e+001	5.96474227e+005	
1.49413214e+001	8.34776999e+005	
1.49622476e+001	8.78586737e+005	
1.49831739e+001	8.99175643e+005	
1.50041001e+001	9.00945776e+005	
1.50250263e+001	8.97648350e+005	
1.50459525e+001	8.96505808e+005	
1.50668787e+001	8.96284784e+005	
1.50878050e+001	8.96147647e+005	
1.51087312e+001	8.96026269e+005	
1.51296574e+001	8.95882667e+005	
1.51505836e+001	8.95724414e+005	
1.51715098e+001	8.95758163e+005	
1.51924361e+001	8.95604074e+005	
1.52133623e+001	8.95518854e+005	
1.52342885e+001	8.95403804e+005	
1.52552147e+001	8.95241987e+005	
1.52761410e+001	8.95110321e+005	
1.52970672e+001	8.95091507e+005	
1.53179934e+001	8.95056910e+005	
1.53389196e+001	8.94964052e+005	
1.53598458e+001	8.94974466e+005	
1.53807721e+001	8.94727080e+005	
1.54016983e+001	8.94944591e+005	
1.54226245e+001	8.95286831e+005	
1.54435507e+001	8.95628682e+005	
1.54644769e+001	8.95970542e+005	
1.54854032e+001	8.97178188e+005	
1.55063294e+001	8.98471743e+005	
1.55272556e+001	8.98472666e+005	
1.55481818e+001	8.98580727e+005	
1.55691080e+001	8.98639793e+005	
1.55900343e+001	8.98682209e+005	
1.56109605e+001	8.98379753e+005	
1.56318867e+001	8.97902616e+005	
1.56528129e+001	8.94537393e+005	
1.56737391e+001	8.89098488e+005	
1.56946654e+001	8.89101758e+005	
1.57155916e+001	8.94546597e+005	
1.57365178e+001	8.97913548e+005	
1.57574440e+001	8.98386572e+005	
1.57783702e+001	8.98683122e+005	
1.57992965e+001	8.98631242e+005	
1.58202227e+001	8.98621716e+005	
1.58411489e+001	8.98736417e+005	
1.58620751e+001	8.99131081e+005	
1.58830013e+001	8.98983442e+005	
1.59039276e+001	8.98834597e+005	
1.59248538e+001	8.98673655e+005	
1.59457800e+001	8.98512718e+005	
1.59667062e+001	8.98352485e+005	
1.59876324e+001	8.98267322e+005	
1.60085587e+001	8.98289033e+005	
1.60294849e+001	8.98241310e+005	
1.60504111e+001	8.98225070e+005	
1.60713373e+001	8.98337782e+005	
1.60922636e+001	8.98399728e+005	
1.61131898e+001	8.98470562e+005	
1.61341160e+001	8.98572328e+005	
1.61550422e+001	8.98657153e+005	
1.61759684e+001	8.98710380e+005	
1.61968947e+001	8.98829787e+005	
1.62178209e+001	8.98767657e+005	
1.62387471e+001	8.98900065e+005	
1.62596733e+001	8.99040561e+005	
1.62805995e+001	8.99191145e+005	
1.63015258e+001	8.99337972e+005	
1.63224520e+001	8.99558437e+005	
1.63433782e+001	9.00763991e+005	
1.63643044e+001	9.04143735e+005	
1.63852306e+001	9.02333678e+005	
1.64061569e+001	8.81197662e+005	
1.64270831e+001	8.37682852e+005	
1.64480093e+001	6.05089232e+005	
1.64689355e+001	3.47032149e+005	
1.64898617e+001	2.94039968e+005	
1.65107880e+001	2.41047787e+005	
1.65317142e+001	1.88055606e+005	
1.65526404e+001	1.35063425e+005	
1.65735666e+001	1.79760934e+005	
1.65944928e+001	2.40495303e+005	
1.66154191e+001	3.01229671e+005	
1.66363453e+001	3.61964039e+005	
1.66572715e+001	5.65063672e+005	
1.66781977e+001	7.68990906e+005	
1.66991239e+001	8.37324949e+005	
1.67200502e+001	8.40856078e+005	
1.67409764e+001	8.41868903e+005	
1.67619026e+001	8.39710820e+005	
1.67828288e+001	8.38540382e+005	
1.68037550e+001	8.38588663e+005	
1.68246813e+001	8.38654534e+005	
1.68456075e+001	8.38705150e+005	
1.68665337e+001	8.38753410e+005	
1.68874599e+001	8.38802613e+005	
1.69083861e+001	8.39078025e+005	
1.69293124e+001	8.39160836e+005	
1.69502386e+001	8.39226135e+005	
1.69711648e+001	8.39309153e+005	
1.69920910e+001	8.39397958e+005	
1.70130173e+001	8.39445216e+005	
1.70339435e+001	8.39557661e+005	
1.70548697e+001	8.39666752e+005	
1.70757959e+001	8.39743009e+005	
1.70967221e+001	8.39828222e+005	
1.71176484e+001	8.39878441e+005	
1.71385746e+001	8.40006104e+005	
1.71595008e+001	8.40240284e+005	
1.71804270e+001	8.40461148e+005	
1.72013532e+001	8.40666034e+005	
1.72222795e+001	8.41097061e+005	
1.72432057e+001	8.41659791e+005	
1.72641319e+001	8.41682942e+005	
1.72850581e+001	8.41817427e+005	
1.73059843e+001	8.42030247e+005	
1.73269106e+001	8.42332135e+005	
1.73478368e+001	8.42385667e+005	
1.73687630e+001	8.42044181e+005	
1.73896892e+001	8.40222879e+005	
1.74106154e+001	8.35018175e+005	
1.74315417e+001	8.32094809e+005	
1.74524679e+001	8.37153757e+005	
1.74733941e+001	8.41545690e+005	
1.74943203e+001	8.41845567e+005	
1.75152465e+001	8.42113910e+005	
1.75361728e+001	8.41874097e+005	
1.75570990e+001	8.41634284e+005	
1.75780252e+001	8.41620209e+005	
1.75989514e+001	8.41611581e+005	
1.76198776e+001	8.41805202e+005	
1.76408039e+001	8.41678164e+005	
1.76617301e+001	8.41550249e+005	
1.76826563e+001	8.41422132e+005	
1.77035825e+001	8.41252555e+005	
1.77245087e+001	8.41126322e+005	
1.77454350e+001	8.41051608e+005	
1.77663612e+001	8.40953574e+005	
1.77872874e+001	8.40900150e+005	
1.78082136e+001	8.40850158e+005	
1.78291399e+001	8.40814722e+005	
1.78500661e+001	8.40772114e+005	
1.78709923e+001	8.40744217e+005	
1.78919185e+001	8.40709000e+005	
1.79128447e+001	8.40677082e+005	
1.79337710e+001	8.40648640e+005	
1.79546972e+001	8.40428693e+005	
1.79756234e+001	8.40411458e+005	
1.79965496e+001	8.40390035e+005	
1.80174758e+001	8.40395913e+005	
1.80384021e+001	8.40400634e+005	
1.80593283e+001	8.40392937e+005	
1.80802545e+001	8.40438048e+005	
1.81011807e+001	8.42203887e+005	
1.81221069e+001	8.43981801e+005	
1.81430332e+001	8.40593994e+005	
1.81639594e+001	8.37257722e+005	
1.81848856e+001	7.15182103e+005	
1.82058118e+001	4.66522737e+005	
1.82267380e+001	3.46272039e+005	
1.82476643e+001	2.78769982e+005	
1.82685905e+001	2.11267924e+005	
1.82895167e+001	1.43765867e+005	
1.83104429e+001	1.33455689e+005	
1.83313691e+001	1.64174705e+005	
1.83522954e+001	1.94893720e+005	
1.83732216e+001	2.25612735e+005	
1.83941478e+001	3.18237876e+005	
1.84150740e+001	4.76360880e+005	
1.84360002e+001	5.61310588e+005	
1.84569265e+001	5.67615919e+005	
1.84778527e+001	5.72175000e+005	
1.84987789e+001	5.70250970e+005	
1.85197051e+001	5.68633274e+005	
1.85406313e+001	5.68475808e+005	
1.85615576e+001	5.68336941e+005	
1.85824838e+001	5.68226603e+005	
1.86034100e+001	5.68115932e+005	
1.86243362e+001	5.67971360e+005	
1.86452624e+001	5.67843568e+005	
1.86661887e+001	5.67823351e+005	
1.86871149e+001	5.67706180e+005	
1.87080411e+001	5.67580613e+005	
1.87289673e+001	5.67420153e+005	
1.87498936e+001	5.67297425e+005	
1.87708198e+001	5.67167141e+005	
1.87917460e+001	5.67016437e+005	
1.88126722e+001	5.66891890e+005	
1.88335984e+001	5.66716042e+005	
1.88545247e+001	5.66560846e+005	
1.88754509e+001	5.66433143e+005	
1.88963771e+001	5.66279415e+005	
1.89173033e+001	5.66107798e+005	
1.89382295e+001	5.65977741e+005	
1.89591558e+001	5.65843573e+005	
1.89800820e+001	5.65701900e+005	
1.90010082e+001	5.65349240e+005	
1.90219344e+001	5.65192335e+005	
1.90428606e+001	5.65057354e+005	
1.90637869e+001	5.65015715e+005	
1.90847131e+001	5.64999336e+005	
1.91056393e+001	5.65190798e+005	
1.91265655e+001	5.65314354e+005	
1.91474917e+001	5.62945552e+005	
1.91684180e+001	5.60576750e+005	
1.91893442e+001	5.64887545e+005	
1.92102704e+001	5.69600546e+005	
1.92311966e+001	5.70845700e+005	
1.92521228e+001	5.71537479e+005	
1.92730491e+001	5.71290508e+005	
1.92939753e+001	5.70779718e+005	
1.93149015e+001	5.70419538e+005	
1.93358277e+001	5.70124325e+005	
1.93567539e+001	5.70159317e+005	
1.93776802e+001	5.70052878e+005	
1.93986064e+001	5.69939910e+005	
1.94195326e+001	5.69821253e+005	
1.94404588e+001	5.69547973e+005	
1.94613850e+001	5.69120076e+005	
1.94823113e+001	5.68794852e+005	
1.95032375e+001	5.68534425e+005	
1.95241637e+001	5.68272796e+005	
1.95450899e+001	5.68034915e+005	
1.95660162e+001	5.67795443e+005	
1.95869424e+001	5.67497796e+005	
1.96078686e+001	5.67253848e+005	
1.96287948e+001	5.66999788e+005	
1.96497210e+001	5.66685591e+005	
1.96706473e+001	5.66461348e+005	
1.96915735e+001	5.66214226e+005	
1.97124997e+001	5.65763190e+005	
1.97334259e+001	5.65465945e+005	
1.97543521e+001	5.65237026e+005	
1.97752784e+001	5.65017220e+005	
1.97962046e+001	5.64764439e+005	
1.98171308e+001	5.64443202e+005	
1.98380570e+001	5.64241957e+005	
1.98589832e+001	5.64096180e+005	
1.98799095e+001	5.64137098e+005	
1.99008357e+001	5.64773512e+005	
1.99217619e+001	5.44125777e+005	
1.99426881e+001	4.28271378e+005	
1.99636143e+001	3.00492185e+005	
1.99845406e+001	2.43726301e+005	
2.00054668e+001	1.86960417e+005	
2.00263930e+001	1.30194533e+005	
2.00473192e+001	9.64250083e+004	
2.00682454e+001	1.15907515e+005	
2.00891717e+001	1.35390021e+005	
2.01100979e+001	1.54872528e+005	
2.01310241e+001	1.91901850e+005	
2.01519503e+001	3.39229900e+005	
2.01728765e+001	5.13207091e+005	
2.01938028e+001	5.40831456e+005	
2.02147290e+001	5.68455821e+005	
2.02356552e+001	5.65834431e+005	
2.02565814e+001	5.62151729e+005	
2.02775076e+001	5.59785686e+005	
2.02984339e+001	5.57879634e+005	
2.03193601e+001	5.56575302e+005	
2.03402863e+001	5.55396651e+005	
2.03612125e+001	5.53767877e+005	
2.03821387e+001	5.52432433e+005	
2.04030650e+001	5.51094786e+005	
2.04239912e+001	5.49549961e+005	
2.04449174e+001	5.48273011e+005	
2.04658436e+001	5.46779509e+005	
2.04867699e+001	5.45202112e+005	
2.05076961e+001	5.43943147e+005	
2.05286223e+001	5.42539028e+005	
2.05495485e+001	5.40979104e+005	
2.05704747e+001	5.39683444e+005	
2.05914010e+001	5.38239267e+005	
2.06123272e+001	5.36662288e+005	
2.06332534e+001	5.35410838e+005	
2.06541796e+001	5.33649200e+005	
2.06751058e+001	5.32431442e+005	
2.06960321e+001	5.31204240e+005	
2.07169583e+001	5.29862262e+005	
2.07378845e+001	5.28520283e+005	
2.07588107e+001	5.27098184e+005	
2.07797369e+001	5.25846129e+005	
2.08006632e+001	5.24513308e+005	
2.08215894e+001	5.23172714e+005	
2.08425156e+001	5.21945249e+005	
2.08634418e+001	5.20740925e+005	
2.08843680e+001	5.24775481e+005	
2.09052943e+001	5.30570069e+005	
2.09262205e+001	5.41742049e+005	
2.09471467e+001	5.55845564e+005	
2.09680729e+001	5.68508364e+005	
2.09889991e+001	5.80148035e+005	
2.10099254e+001	5.89613876e+005	
2.10308516e+001	5.96929030e+005	
2.10517778e+001	5.99999471e+005	
2.10727040e+001	5.97228670e+005	
2.10936302e+001	5.93762821e+005	
2.11145565e+001	5.88012186e+005	
2.11354827e+001	5.83164772e+005	
2.11564089e+001	5.80929367e+005	
2.11773351e+001	5.78334553e+005	
2.11982613e+001	5.73792453e+005	
2.12191876e+001	5.67795375e+005	
2.12401138e+001	5.63558886e+005	
2.12610400e+001	5.59431325e+005	
2.12819662e+001	5.55756543e+005	
2.13028925e+001	5.52107923e+005	
2.13238187e+001	5.48368619e+005	
2.13447449e+001	5.45000644e+005	
2.13656711e+001	5.40998417e+005	
2.13865973e+001	5.37715044e+005	
2.14075236e+001	5.34188524e+005	
2.14284498e+001	5.30808449e+005	
2.14493760e+001	5.27607053e+005	
2.14703022e+001	5.23664061e+005	
2.14912284e+001	5.20303082e+005	
2.15121547e+001	5.17669190e+005	
2.15330809e+001	5.14513082e+005	
2.15540071e+001	5.10954476e+005	
2.15749333e+001	5.07765504e+005	
2.15958595e+001	5.04938743e+005	
2.16167858e+001	5.02502281e+005	
2.16377120e+001	5.01420935e+005	
2.16586382e+001	4.93333070e+005	
2.16795644e+001	4.40909862e+005	
2.17004906e+001	3.20380933e+005	
2.17214169e+001	2.70513326e+005	
2.17423431e+001	2.20645719e+005	
2.17632693e+001	1.70778113e+005	
2.17841955e+001	1.21606254e+005	
2.18051217e+001	1.23102435e+005	
2.18260480e+001	1.24598615e+005	
2.18469742e+001	1.26094795e+005	
2.18679004e+001	1.27590975e+005	
2.18888266e+001	1.60906191e+005	
2.19097528e+001	1.73348792e+005	
2.19306791e+001	1.74836638e+005	
2.19516053e+001	1.74823122e+005	
2.19725315e+001	1.75029805e+005	
2.19934577e+001	1.75200672e+005	
2.20143839e+001	1.75355815e+005	
2.20353102e+001	1.75637933e+005	
2.20562364e+001	1.75941316e+005	
2.20771626e+001	1.76176416e+005	
2.20980888e+001	1.76449683e+005	
2.21190150e+001	1.76721800e+005	
2.21399413e+001	1.76983427e+005	
2.21608675e+001	1.77226615e+005	
2.21817937e+001	1.77458630e+005	
2.22027199e+001	1.77693246e+005	
2.22236462e+001	1.77950717e+005	
2.22445724e+001	1.78176059e+005	
2.22654986e+001	1.78425434e+005	
2.22864248e+001	1.78645305e+005	
2.23073510e+001	1.78882001e+005	
2.23282773e+001	1.79133362e+005	
2.23492035e+001	1.79421157e+005	
2.23701297e+001	1.79775741e+005	
2.23910559e+001	1.79985955e+005	
2.24119821e+001	1.80124862e+005	
2.24329084e+001	1.80255793e+005	
2.24538346e+001	1.80514255e+005	
2.24747608e+001	1.80804877e+005	
2.24956870e+001	1.80960701e+005	
2.25166132e+001	1.81162008e+005	
2.25375395e+001	1.81564631e+005	
2.25584657e+001	1.82083129e+005	
2.25793919e+001	1.82549990e+005	
2.26003181e+001	1.82975022e+005	
2.26212443e+001	1.83004918e+005	
2.26421706e+001	1.82591035e+005	
2.26630968e+001	1.83335233e+005	
2.26840230e+001	1.85928710e+005	
2.27049492e+001	1.87829847e+005	
2.27258754e+001	1.88167118e+005	
2.27468017e+001	1.88275741e+005	
2.27677279e+001	1.87596987e+005	
2.27886541e+001	1.86959686e+005	
2.28095803e+001	1.86570740e+005	
2.28305065e+001	1.86254955e+005	
2.28514328e+001	1.85901749e+005	
2.28723590e+001	1.85548544e+005	
2.28932852e+001	1.85030526e+005	
2.29142114e+001	1.84508998e+005	
2.29351376e+001	1.83830675e+005	
2.29560639e+001	1.83301135e+005	
2.29769901e+001	1.82829527e+005	
2.29979163e+001	1.82301472e+005	
2.30188425e+001	1.81854760e+005	
2.30397688e+001	1.81349953e+005	
2.30606950e+001	1.80887028e+005	
2.30816212e+001	1.80424036e+005	
2.31025474e+001	1.79930265e+005	
2.31234736e+001	1.79475938e+005	
2.31443999e+001	1.78997902e+005	
2.31653261e+001	1.78505872e+005	
2.31862523e+001	1.77971985e+005	
2.32071785e+001	1.77363045e+005	
2.32281047e+001	1.76876510e+005	
2.32490310e+001	1.76702986e+005	
2.32699572e+001	1.76461192e+005	
2.32908834e+001	1.75909013e+005	
2.33118096e+001	1.75066978e+005	
2.33327358e+001	1.74715540e+005	
2.33536621e+001	1.74301852e+005	
2.33745883e+001	1.74376332e+005	
2.33955145e+001	1.74450813e+005	
2.34164407e+001	1.63373644e+005	
2.34373669e+001	1.17813736e+005	
2.34582932e+001	8.06234808e+004	
2.34792194e+001	4.43845011e+004	
2.35001456e+001	1.87175073e+004	
2.35210718e+001	-4.81484111e+003	
2.35419980e+001	-2.97684147e+004	
2.35629243e+001	-5.45539610e+004	
2.35838505e+001	-7.93395073e+004	
2.36047767e+001	-1.04125054e+005	
2.36257029e+001	-1.47943337e+005	
2.36466291e+001	-1.72859568e+005	
2.36675554e+001	-1.71189352e+005	
2.36884816e+001	-1.69893754e+005	
2.37094078e+001	-1.69920540e+005	
2.37303340e+001	-1.71587997e+005	
2.37512602e+001	-1.73203380e+005	
2.37721865e+001	-1.74546838e+005	
2.37931127e+001	-1.75397919e+005	
2.38140389e+001	-1.75984998e+005	
2.38349651e+001	-1.76619385e+005	
2.38558913e+001	-1.77453508e+005	
2.38768176e+001	-1.78195729e+005	
2.38977438e+001	-1.78973137e+005	
2.39186700e+001	-1.79657887e+005	
2.39395962e+001	-1.80486096e+005	
2.39605225e+001	-1.81223220e+005	
2.39814487e+001	-1.82055662e+005	
2.40023749e+001	-1.82827063e+005	
2.40233011e+001	-1.83544744e+005	
2.40442273e+001	-1.84427346e+005	
2.40651536e+001	-1.85183914e+005	
2.40860798e+001	-1.86043302e+005	
2.41070060e+001	-1.86877602e+005	
2.41279322e+001	-1.87960785e+005	
2.41488584e+001	-1.88904861e+005	
2.41697847e+001	-1.89654038e+005	
2.41907109e+001	-1.90381248e+005	
2.42116371e+001	-1.91088294e+005	
2.42325633e+001	-1.91949951e+005	
2.42534895e+001	-1.93210320e+005	
2.42744158e+001	-1.94063498e+005	
2.42953420e+001	-1.94182979e+005	
2.43162682e+001	-1.93357027e+005	
2.43371944e+001	-1.90038411e+005	
2.43581206e+001	-1.86738408e+005	
2.43790469e+001	-1.83517700e+005	
2.43999731e+001	-1.80653194e+005	
2.44208993e+001	-1.80510699e+005	
2.44418255e+001	-1.80350388e+005	
2.44627517e+001	-1.79594084e+005	
2.44836780e+001	-1.78837780e+005	
2.45046042e+001	-1.78623355e+005	
2.45255304e+001	-1.78439127e+005	
2.45464566e+001	-1.78495216e+005	
2.45673828e+001	-1.78588712e+005	
2.45883091e+001	-1.78729676e+005	
2.46092353e+001	-1.78801792e+005	
2.46301615e+001	-1.78852077e+005	
2.46510877e+001	-1.78893071e+005	
2.46720139e+001	-1.78966936e+005	
2.46929402e+001	-1.79041011e+005	
2.47138664e+001	-1.79103006e+005	
2.47347926e+001	-1.79163003e+005	
2.47557188e+001	-1.79230773e+005	
2.47766451e+001	-1.79288765e+005	
2.47975713e+001	-1.79342695e+005	
2.48184975e+001	-1.79395066e+005	
2.48394237e+001	-1.79455334e+005	
2.48603499e+001	-1.79506078e+005	
2.48812762e+001	-1.79560765e+005	
2.49022024e+001	-1.79614701e+005	
2.49231286e+001	-1.79617903e+005	
2.49440548e+001	-1.79675226e+005	
2.49649810e+001	-1.79733628e+005	
2.49859073e+001	-1.79772303e+005	
2.50068335e+001	-1.79810978e+005	
2.50277597e+001	-1.79871353e+005	
2.50486859e+001	-1.79934205e+005	
2.50696121e+001	-1.79966140e+005	
2.50905384e+001	-1.79993919e+005	
2.51114646e+001	-1.79475387e+005	
2.51323908e+001	-1.78941432e+005	
2.51533170e+001	-1.75557892e+005	
2.51742432e+001	-1.51159804e+005	
2.51951695e+001	-1.24661598e+005	
2.52160957e+001	-1.02402364e+005	
2.52370219e+001	-1.00425050e+005	
2.52579481e+001	-1.14762487e+005	
2.52788743e+001	-1.41768014e+005	
2.52998006e+001	-1.81510072e+005	
2.53207268e+001	-2.21252131e+005	
2.53416530e+001	-2.60994190e+005	
2.53625792e+001	-3.19236280e+005	
2.53835054e+001	-4.05733025e+005	
2.54044317e+001	-4.50100849e+005	
2.54253579e+001	-4.74244729e+005	
2.54462841e+001	-4.95707105e+005	
2.54672103e+001	-5.00810475e+005	
2.54881365e+001	-5.05938733e+005	
2.55090628e+001	-5.11426581e+005	
2.55299890e+001	-5.16336753e+005	
2.55509152e+001	-5.17829995e+005	
2.55718414e+001	-5.19255402e+005	
2.55927676e+001	-5.22824811e+005	
2.56136939e+001	-5.28357905e+005	
2.56346201e+001	-5.33415385e+005	
2.56555463e+001	-5.38076551e+005	
2.56764725e+001	-5.42655508e+005	
2.56973988e+001	-5.46897953e+005	
2.57183250e+001	-5.51833571e+005	
2.57392512e+001	-5.56315752e+005	
2.57601774e+001	-5.60817097e+005	
2.57811036e+001	-5.65764209e+005	
2.58020299e+001	-5.70529190e+005	
2.58229561e+001	-5.75686442e+005	
2.58438823e+001	-5.80828107e+005	
2.58648085e+001	-5.86102737e+005	
2.58857347e+001	-5.92352619e+005	
2.59066610e+001	-5.97189114e+005	
2.59275872e+001	-6.02179559e+005	
2.59485134e+001	-6.07649568e+005	
2.59694396e+001	-6.11970544e+005	
2.59903658e+001	-6.12194117e+005	
2.60112921e+001	-6.11479437e+005	
2.60322183e+001	-5.99852576e+005	
2.60531445e+001	-5.88225715e+005	
2.60740707e+001	-5.73074694e+005	
2.60949969e+001	-5.57913526e+005	
2.61159232e+001	-5.38767259e+005	
2.61368494e+001	-5.19252996e+005	
2.61577756e+001	-5.14257208e+005	
2.61787018e+001	-5.11986562e+005	
2.61996280e+001	-5.12709280e+005	
2.62205543e+001	-5.14421730e+005	
2.62414805e+001	-5.16248337e+005	
2.62624067e+001	-5.18131355e+005	
2.62833329e+001	-5.20200242e+005	
2.63042591e+001	-5.22399577e+005	
2.63251854e+001	-5.24616107e+005	
2.63461116e+001	-5.26515188e+005	
2.63670378e+001	-5.28462648e+005	
2.63879640e+001	-5.30475940e+005	
2.64088902e+001	-5.32719893e+005	
2.64298165e+001	-5.35451055e+005	
2.64507427e+001	-5.38046941e+005	
2.64716689e+001	-5.40058421e+005	
2.64925951e+001	-5.42469334e+005	
2.65135214e+001	-5.45134871e+005	
2.65344476e+001	-5.46983603e+005	
2.65553738e+001	-5.49337260e+005	
2.65763000e+001	-5.52212733e+005	
2.65972262e+001	-5.54092380e+005	
2.66181525e+001	-5.56699009e+005	
2.66390787e+001	-5.59437742e+005	
2.66600049e+001	-5.61303932e+005	
2.66809311e+001	-5.63832318e+005	
2.67018573e+001	-5.66952023e+005	
2.67227836e+001	-5.69242590e+005	
2.67437098e+001	-5.71263310e+005	
2.67646360e+001	-5.73885621e+005	
2.67855622e+001	-5.78689547e+005	
2.68064884e+001	-5.72369353e+005	
2.68274147e+001	-5.58074344e+005	
2.68483409e+001	-4.85884336e+005	
2.68692671e+001	-3.59372288e+005	
2.68901933e+001	-2.37158022e+005	
2.69111195e+001	-1.46988839e+005	
2.69320458e+001	-1.10645893e+005	
2.69529720e+001	-9.91180924e+004	
2.69738982e+001	-8.75902914e+004	
2.69948244e+001	-7.60624904e+004	
2.70157506e+001	-7.19769234e+004	
2.70366769e+001	-9.82366792e+004	
2.70576031e+001	-1.35488694e+005	
2.70785293e+001	-2.59489869e+005	
2.70994555e+001	-3.84270118e+005	
2.71203817e+001	-5.33115483e+005	
2.71413080e+001	-5.49734101e+005	
2.71622342e+001	-5.52334190e+005	
2.71831604e+001	-5.54253229e+005	
2.72040866e+001	-5.55495100e+005	
2.72250128e+001	-5.56306930e+005	
2.72459391e+001	-5.56911722e+005	
2.72668653e+001	-5.57485734e+005	
2.72877915e+001	-5.57975141e+005	
2.73087177e+001	-5.58424980e+005	
2.73296439e+001	-5.59014404e+005	
2.73505702e+001	-5.59677797e+005	
2.73714964e+001	-5.60334451e+005	
2.73924226e+001	-5.60829180e+005	
2.74133488e+001	-5.61434466e+005	
2.74342751e+001	-5.61989432e+005	
2.74552013e+001	-5.62497277e+005	
2.74761275e+001	-5.63116238e+005	
2.74970537e+001	-5.63653625e+005	
2.75179799e+001	-5.64126592e+005	
2.75389062e+001	-5.64715363e+005	
2.75598324e+001	-5.65306562e+005	
2.75807586e+001	-5.65930294e+005	
2.76016848e+001	-5.66909350e+005	
2.76226110e+001	-5.67688655e+005	
2.76435373e+001	-5.67852831e+005	
2.76644635e+001	-5.68017008e+005	
2.76853897e+001	-5.68333728e+005	
2.77063159e+001	-5.68655940e+005	
2.77272421e+001	-5.69072154e+005	
2.77481684e+001	-5.69749482e+005	
2.77690946e+001	-5.70578957e+005	
2.77900208e+001	-5.71446148e+005	
2.78109470e+001	-5.70539232e+005	
2.78318732e+001	-5.68940292e+005	
2.78527995e+001	-5.64495282e+005	
2.78737257e+001	-5.58432828e+005	
2.78946519e+001	-5.56012890e+005	
2.79155781e+001	-5.56409347e+005	
2.79365043e+001	-5.56566441e+005	
2.79574306e+001	-5.56456825e+005	
2.79783568e+001	-5.56547156e+005	
2.79992830e+001	-5.56948042e+005	
2.80202092e+001	-5.57357689e+005	
2.80411354e+001	-5.57786829e+005	
2.80620617e+001	-5.58416063e+005	
2.80829879e+001	-5.58844939e+005	
2.81039141e+001	-5.59271969e+005	
2.81248403e+001	-5.59688282e+005	
2.81457665e+001	-5.60113545e+005	
2.81666928e+001	-5.60664691e+005	
2.81876190e+001	-5.60998328e+005	
2.82085452e+001	-5.61548584e+005	
2.82294714e+001	-5.61976117e+005	
2.82503977e+001	-5.62397438e+005	
2.82713239e+001	-5.62922592e+005	
2.82922501e+001	-5.63318549e+005	
2.83131763e+001	-5.63713812e+005	
2.83341025e+001	-5.64231556e+005	
2.83550288e+001	-5.64640031e+005	
2.83759550e+001	-5.65046495e+005	
2.83968812e+001	-5.65527999e+005	
2.84178074e+001	-5.65797759e+005	
2.84387336e+001	-5.66239228e+005	
2.84596599e+001	-5.66682029e+005	
2.84805861e+001	-5.67030045e+005	
2.85015123e+001	-5.67446080e+005	
2.85224385e+001	-5.68074443e+005	
2.85433647e+001	-5.69456073e+005	
2.85642910e+001	-5.71988290e+005	
2.85852172e+001	-5.67431387e+005	
2.86061434e+001	-5.42388478e+005	
2.86270696e+001	-4.94083811e+005	
2.86479958e+001	-3.28963282e+005	
2.86689221e+001	-1.96196892e+005	
2.86898483e+001	-1.78585280e+005	
2.87107745e+001	-1.60973668e+005	
2.87317007e+001	-1.43362056e+005	
2.87526269e+001	-1.25750443e+005	
2.87735532e+001	-2.03880830e+005	
2.87944794e+001	-2.90555415e+005	
2.88154056e+001	-3.77229999e+005	
2.88363318e+001	-4.63904584e+005	
2.88572580e+001	-6.86072900e+005	
2.88781843e+001	-8.10293945e+005	
2.88991105e+001	-8.31341042e+005	
2.89200367e+001	-8.30060204e+005	
2.89409629e+001	-8.30053686e+005	
2.89618891e+001	-8.30158966e+005	
2.89828154e+001	-8.30470004e+005	
2.90037416e+001	-8.30935369e+005	
2.90246678e+001	-8.31319614e+005	
2.90455940e+001	-8.31665130e+005	
2.90665202e+001	-8.32041852e+005	
2.90874465e+001	-8.32503476e+005	
2.91083727e+001	-8.33192548e+005	
2.91292989e+001	-8.33598163e+005	
2.91502251e+001	-8.34003024e+005	
2.91711514e+001	-8.34519366e+005	
2.91920776e+001	-8.34929320e+005	
2.92130038e+001	-8.35332329e+005	
2.92339300e+001	-8.35895852e+005	
2.92548562e+001	-8.36308102e+005	
2.92757825e+001	-8.36751975e+005	
2.92967087e+001	-8.37313243e+005	
2.93176349e+001	-8.37680956e+005	
2.93385611e+001	-8.38627771e+005	
2.93594873e+001	-8.39858340e+005	
2.93804136e+001	-8.40357701e+005	
2.94013398e+001	-8.40625525e+005	
2.94222660e+001	-8.41132093e+005	
2.94431922e+001	-8.41747188e+005	
2.94641184e+001	-8.42159170e+005	
2.94850447e+001	-8.42943514e+005	
2.95059709e+001	-8.43818828e+005	
2.95268971e+001	-8.44776934e+005	
2.95478233e+001	-8.44880691e+005	
2.95687495e+001	-8.43904168e+005	
2.95896758e+001	-8.40783520e+005	
2.96106020e+001	-8.33848383e+005	
2.96315282e+001	-8.29832383e+005	
2.96524544e+001	-8.33359218e+005	
2.96733806e+001	-8.36141853e+005	
2.96943069e+001	-8.35865928e+005	
2.97152331e+001	-8.35627982e+005	
2.97361593e+001	-8.35685619e+005	
2.97570855e+001	-8.35748329e+005	
2.97780117e+001	-8.35964381e+005	
2.97989380e+001	-8.36180432e+005	
2.98198642e+001	-8.36628841e+005	
2.98407904e+001	-8.36768810e+005	
2.98617166e+001	-8.36890638e+005	
2.98826428e+001	-8.37009714e+005	
2.99035691e+001	-8.37192664e+005	
2.99244953e+001	-8.37325373e+005	
2.99454215e+001	-8.37477452e+005	
2.99663477e+001	-8.37653666e+005	
2.99872740e+001	-8.37841540e+005	
3.00082002e+001	-8.38015327e+005	
3.00291264e+001	-8.38210244e+005	
3.00500526e+001	-8.38372016e+005	
3.00709788e+001	-8.38556994e+005	
3.00919051e+001	-8.38762462e+005	
3.01128313e+001	-8.38925941e+005	
3.01337575e+001	-8.39103597e+005	
3.01546837e+001	-8.39123787e+005	
3.01756099e+001	-8.39318834e+005	
3.01965362e+001	-8.39521830e+005	
3.02174624e+001	-8.39699594e+005	
3.02383886e+001	-8.39882137e+005	
3.02593148e+001	-8.40100890e+005	
3.02802410e+001	-8.40498688e+005	
3.03011673e+001	-8.43533196e+005	
3.03220935e+001	-8.46567704e+005	
3.03430197e+001	-8.36494756e+005	
3.03639459e+001	-8.26519498e+005	
3.03848721e+001	-6.48210843e+005	
3.04057984e+001	-4.08811551e+005	
3.04267246e+001	-3.15139039e+005	
3.04476508e+001	-2.59059506e+005	
3.04685770e+001	-2.02979972e+005	
3.04895032e+001	-1.46900439e+005	
3.05104295e+001	-1.70716361e+005	
3.05313557e+001	-2.38962615e+005	
3.05522819e+001	-3.07208870e+005	
3.05732081e+001	-3.75455124e+005	
3.05941343e+001	-5.44758351e+005	
3.06150606e+001	-7.79978652e+005	
3.06359868e+001	-8.88107678e+005	
3.06569130e+001	-8.92124480e+005	
3.06778392e+001	-8.94794675e+005	
3.06987654e+001	-8.92744959e+005	
3.07196917e+001	-8.91157985e+005	
3.07406179e+001	-8.91145162e+005	
3.07615441e+001	-8.91206234e+005	
3.07824703e+001	-8.91248927e+005	
3.08033965e+001	-8.91287650e+005	
3.08243228e+001	-8.91271597e+005	
3.08452490e+001	-8.91336841e+005	
3.08661752e+001	-8.91652593e+005	
3.08871014e+001	-8.91727222e+005	
3.09080277e+001	-8.91820736e+005	
3.09289539e+001	-8.91922384e+005	
3.09498801e+001	-8.91928026e+005	
3.09708063e+001	-8.92068305e+005	
3.09917325e+001	-8.92256268e+005	
3.10126588e+001	-8.92380178e+005	
3.10335850e+001	-8.92552231e+005	
3.10545112e+001	-8.92640091e+005	
3.10754374e+001	-8.92824762e+005	
3.10963636e+001	-8.93318538e+005	
3.11172899e+001	-8.93872670e+005	
3.11382161e+001	-8.94361060e+005	
3.11591423e+001	-8.95216387e+005	
3.11800685e+001	-8.96600332e+005	
3.12009947e+001	-8.97305386e+005	
3.12219210e+001	-8.97574233e+005	
3.12428472e+001	-8.97852714e+005	
3.12637734e+001	-8.98160889e+005	
3.12846996e+001	-8.98360698e+005	
3.13056258e+001	-8.98007267e+005	
3.13265521e+001	-8.96993635e+005	
3.13474783e+001	-8.88589042e+005	
3.13684045e+001	-8.80184523e+005	
