% Column 0: Length, cm
% Column 1: H.n, Amp/m
0.00000000e+000	-1.02545167e+006	
2.09262205e-002	-1.03611495e+006	
4.18524410e-002	-1.04677823e+006	
6.27786614e-002	-1.04810655e+006	
8.37048819e-002	-1.04860114e+006	
1.04631102e-001	-1.04848884e+006	
1.25557323e-001	-1.04825768e+006	
1.46483543e-001	-1.04815093e+006	
1.67409764e-001	-1.04808467e+006	
1.88335984e-001	-1.04742786e+006	
2.09262205e-001	-1.04593785e+006	
2.30188425e-001	-1.04450093e+006	
2.51114646e-001	-1.04310092e+006	
2.72040866e-001	-1.04172208e+006	
2.92967087e-001	-1.04072263e+006	
3.13893307e-001	-1.03980349e+006	
3.34819528e-001	-1.03855969e+006	
3.55745748e-001	-1.03761546e+006	
3.76671969e-001	-1.03685033e+006	
3.97598189e-001	-1.03623426e+006	
4.18524410e-001	-1.03564673e+006	
4.39450630e-001	-1.03532017e+006	
4.60376851e-001	-1.03473680e+006	
4.81303071e-001	-1.03431586e+006	
5.02229292e-001	-1.03382626e+006	
5.23155512e-001	-1.03377137e+006	
5.44081733e-001	-1.03392454e+006	
5.65007953e-001	-1.03373518e+006	
5.85934173e-001	-1.03400348e+006	
6.06860394e-001	-1.03430433e+006	
6.27786614e-001	-1.03441679e+006	
6.48712835e-001	-1.03492790e+006	
6.69639055e-001	-1.03807385e+006	
6.90565276e-001	-1.04197357e+006	
7.11491496e-001	-1.02518148e+006	
7.32417717e-001	-9.99976705e+005	
7.53343937e-001	-8.25208029e+005	
7.74270158e-001	-5.34614995e+005	
7.95196378e-001	-3.59125466e+005	
8.16122599e-001	-3.00969542e+005	
8.37048819e-001	-2.42813619e+005	
8.57975040e-001	-1.84657696e+005	
8.78901260e-001	-1.73259872e+005	
8.99827481e-001	-2.45790689e+005	
9.20753701e-001	-3.18321506e+005	
9.41679922e-001	-3.90852323e+005	
9.62606142e-001	-5.11048302e+005	
9.83532363e-001	-8.08415947e+005	
1.00445858e+000	-9.91827795e+005	
1.02538480e+000	-9.96229513e+005	
1.04631102e+000	-1.00101133e+006	
1.06723724e+000	-9.98434225e+005	
1.08816347e+000	-9.95857122e+005	
1.10908969e+000	-9.95705883e+005	
1.13001591e+000	-9.95840450e+005	
1.15094213e+000	-9.95937490e+005	
1.17186835e+000	-9.96026487e+005	
1.19279457e+000	-9.95896741e+005	
1.21372079e+000	-9.95981681e+005	
1.23464701e+000	-9.96489500e+005	
1.25557323e+000	-9.96727311e+005	
1.27649945e+000	-9.96969741e+005	
1.29742567e+000	-9.97233927e+005	
1.31835189e+000	-9.97262447e+005	
1.33927811e+000	-9.97461049e+005	
1.36020433e+000	-9.98034275e+005	
1.38113055e+000	-9.98455978e+005	
1.40205677e+000	-9.98888610e+005	
1.42298299e+000	-9.99605272e+005	
1.44390921e+000	-1.00004524e+006	
1.46483543e+000	-1.00112047e+006	
1.48576165e+000	-1.00261092e+006	
1.50668787e+000	-1.00378708e+006	
1.52761410e+000	-1.00520201e+006	
1.54854032e+000	-1.00818763e+006	
1.56946654e+000	-1.01071943e+006	
1.59039276e+000	-1.01135873e+006	
1.61131898e+000	-1.01199802e+006	
1.63224520e+000	-1.01245952e+006	
1.65317142e+000	-1.01291522e+006	
1.67409764e+000	-1.01265840e+006	
1.69502386e+000	-1.01230993e+006	
1.71595008e+000	-1.00723712e+006	
1.73687630e+000	-1.00101469e+006	
1.75780252e+000	-1.00361696e+006	
1.77872874e+000	-1.00961115e+006	
1.79965496e+000	-1.01187007e+006	
1.82058118e+000	-1.01202940e+006	
1.84150740e+000	-1.01179989e+006	
1.86243362e+000	-1.01126285e+006	
1.88335984e+000	-1.01082605e+006	
1.90428606e+000	-1.01049939e+006	
1.92521228e+000	-1.01015517e+006	
1.94613850e+000	-1.00888004e+006	
1.96706473e+000	-1.00762495e+006	
1.98799095e+000	-1.00641396e+006	
2.00891717e+000	-1.00509548e+006	
2.02984339e+000	-1.00356953e+006	
2.05076961e+000	-1.00271338e+006	
2.07169583e+000	-1.00194275e+006	
2.09262205e+000	-1.00083357e+006	
2.11354827e+000	-1.00000734e+006	
2.13447449e+000	-9.99793215e+005	
2.15540071e+000	-9.99168770e+005	
2.17632693e+000	-9.98993144e+005	
2.19725315e+000	-9.98621735e+005	
2.21817937e+000	-9.98280873e+005	
2.23910559e+000	-9.97925169e+005	
2.26003181e+000	-9.97722201e+005	
2.28095803e+000	-9.97337509e+005	
2.30188425e+000	-9.97112773e+005	
2.32281047e+000	-9.97109958e+005	
2.34373669e+000	-9.97242731e+005	
2.36466291e+000	-9.97275005e+005	
2.38558913e+000	-9.97316947e+005	
2.40651536e+000	-9.98439466e+005	
2.42744158e+000	-1.00059776e+006	
2.44836780e+000	-9.99583430e+005	
2.46929402e+000	-9.95488321e+005	
2.49022024e+000	-9.34711306e+005	
2.51114646e+000	-7.15154893e+005	
2.53207268e+000	-4.49977615e+005	
2.55299890e+000	-3.71294153e+005	
2.57392512e+000	-2.92610691e+005	
2.59485134e+000	-2.13927228e+005	
2.61577756e+000	-1.45265330e+005	
2.63670378e+000	-1.85693277e+005	
2.65763000e+000	-2.26121223e+005	
2.67855622e+000	-2.66549170e+005	
2.69948244e+000	-3.06977117e+005	
2.72040866e+000	-5.18180507e+005	
2.74133488e+000	-6.81427904e+005	
2.76226110e+000	-7.12912197e+005	
2.78318732e+000	-7.20522176e+005	
2.80411354e+000	-7.21075607e+005	
2.82503977e+000	-7.18753035e+005	
2.84596599e+000	-7.17864540e+005	
2.86689221e+000	-7.17686913e+005	
2.88781843e+000	-7.17537740e+005	
2.90874465e+000	-7.17401742e+005	
2.92967087e+000	-7.17246005e+005	
2.95059709e+000	-7.17081889e+005	
2.97152331e+000	-7.17087616e+005	
2.99244953e+000	-7.16920317e+005	
3.01337575e+000	-7.16784056e+005	
3.03430197e+000	-7.16619531e+005	
3.05522819e+000	-7.16441669e+005	
3.07615441e+000	-7.16310950e+005	
3.09708063e+000	-7.16153253e+005	
3.11800685e+000	-7.15987305e+005	
3.13893307e+000	-7.15818487e+005	
3.15985929e+000	-7.15638726e+005	
3.18078551e+000	-7.15477444e+005	
3.20171173e+000	-7.15360587e+005	
3.22263795e+000	-7.15142917e+005	
3.24356417e+000	-7.14998583e+005	
3.26449040e+000	-7.14859420e+005	
3.28541662e+000	-7.14713907e+005	
3.30634284e+000	-7.14567306e+005	
3.32726906e+000	-7.14129481e+005	
3.34819528e+000	-7.13943681e+005	
3.36912150e+000	-7.13853825e+005	
3.39004772e+000	-7.13807033e+005	
3.41097394e+000	-7.13939249e+005	
3.43190016e+000	-7.14186703e+005	
3.45282638e+000	-7.12728605e+005	
3.47375260e+000	-7.09736786e+005	
3.49467882e+000	-7.10708875e+005	
3.51560504e+000	-7.16660839e+005	
3.53653126e+000	-7.20770725e+005	
3.55745748e+000	-7.21639495e+005	
3.57838370e+000	-7.22079856e+005	
3.59930992e+000	-7.21421973e+005	
3.62023614e+000	-7.20817314e+005	
3.64116236e+000	-7.20427382e+005	
3.66208858e+000	-7.20335972e+005	
3.68301480e+000	-7.20192445e+005	
3.70394103e+000	-7.20048281e+005	
3.72486725e+000	-7.19886254e+005	
3.74579347e+000	-7.19724227e+005	
3.76671969e+000	-7.19121445e+005	
3.78764591e+000	-7.18593846e+005	
3.80857213e+000	-7.18251495e+005	
3.82949835e+000	-7.17831309e+005	
3.85042457e+000	-7.17524942e+005	
3.87135079e+000	-7.17219136e+005	
3.89227701e+000	-7.16839754e+005	
3.91320323e+000	-7.16483794e+005	
3.93412945e+000	-7.16156842e+005	
3.95505567e+000	-7.15774750e+005	
3.97598189e+000	-7.15420579e+005	
3.99690811e+000	-7.15110459e+005	
4.01783433e+000	-7.14575869e+005	
4.03876055e+000	-7.14175795e+005	
4.05968677e+000	-7.13834606e+005	
4.08061299e+000	-7.13554047e+005	
4.10153921e+000	-7.13258253e+005	
4.12246543e+000	-7.12903153e+005	
4.14339166e+000	-7.12504824e+005	
4.16431788e+000	-7.12195196e+005	
4.18524410e+000	-7.11594327e+005	
4.20617032e+000	-7.11992200e+005	
4.22709654e+000	-7.10084002e+005	
4.24802276e+000	-6.63473546e+005	
4.26894898e+000	-4.20519964e+005	
4.28987520e+000	-3.42733251e+005	
4.31080142e+000	-2.70177744e+005	
4.33172764e+000	-1.97622237e+005	
4.35265386e+000	-1.25066730e+005	
4.37358008e+000	-1.30996681e+005	
4.39450630e+000	-1.57006494e+005	
4.41543252e+000	-1.83016306e+005	
4.43635874e+000	-2.09026119e+005	
4.45728496e+000	-3.45262335e+005	
4.47821118e+000	-5.87571877e+005	
4.49913740e+000	-7.34037610e+005	
4.52006362e+000	-7.81835292e+005	
4.54098984e+000	-8.07704069e+005	
4.56191607e+000	-8.08772312e+005	
4.58284229e+000	-8.11929978e+005	
4.60376851e+000	-8.18439382e+005	
4.62469473e+000	-8.24540234e+005	
4.64562095e+000	-8.29099510e+005	
4.66654717e+000	-8.34191593e+005	
4.68747339e+000	-8.40398859e+005	
4.70839961e+000	-8.44269743e+005	
4.72932583e+000	-8.49397694e+005	
4.75025205e+000	-8.54638719e+005	
4.77117827e+000	-8.59884097e+005	
4.79210449e+000	-8.65014864e+005	
4.81303071e+000	-8.71077662e+005	
4.83395693e+000	-8.76096701e+005	
4.85488315e+000	-8.81635374e+005	
4.87580937e+000	-8.86935858e+005	
4.89673559e+000	-8.92704973e+005	
4.91766181e+000	-8.98240044e+005	
4.93858803e+000	-9.04158398e+005	
4.95951425e+000	-9.11777007e+005	
4.98044047e+000	-9.17669218e+005	
5.00136670e+000	-9.22326029e+005	
5.02229292e+000	-9.20376187e+005	
5.04321914e+000	-9.13571312e+005	
5.06414536e+000	-9.03944546e+005	
5.08507158e+000	-8.91673610e+005	
5.10599780e+000	-8.74819279e+005	
5.12692402e+000	-8.51436253e+005	
5.14785024e+000	-8.27939246e+005	
5.16877646e+000	-8.04213123e+005	
5.18970268e+000	-7.82638144e+005	
5.21062890e+000	-7.67565868e+005	
5.23155512e+000	-7.56019761e+005	
5.25248134e+000	-7.61532567e+005	
5.27340756e+000	-7.67565132e+005	
5.29433378e+000	-7.79202429e+005	
5.31526000e+000	-7.90844760e+005	
5.33618622e+000	-8.04418045e+005	
5.35711244e+000	-8.17991329e+005	
5.37803866e+000	-8.30902120e+005	
5.39896488e+000	-8.43755650e+005	
5.41989110e+000	-8.56231082e+005	
5.44081733e+000	-8.68471904e+005	
5.46174355e+000	-8.79885709e+005	
5.48266977e+000	-8.91034212e+005	
5.50359599e+000	-9.09813168e+005	
5.52452221e+000	-9.27237729e+005	
5.54544843e+000	-9.39030705e+005	
5.56637465e+000	-9.55973391e+005	
5.58730087e+000	-9.78280972e+005	
5.60822709e+000	-9.93851854e+005	
5.62915331e+000	-9.97019169e+005	
5.65007953e+000	-9.92933497e+005	
5.67100575e+000	-9.88331687e+005	
5.69193197e+000	-9.83979096e+005	
5.71285819e+000	-9.72094511e+005	
5.73378441e+000	-9.51463748e+005	
5.75471063e+000	-9.33255683e+005	
5.77563685e+000	-9.15212013e+005	
5.79656307e+000	-8.94524197e+005	
5.81748929e+000	-8.83363493e+005	
5.83841551e+000	-8.72170672e+005	
5.85934173e+000	-8.59352403e+005	
5.88026796e+000	-8.39840587e+005	
5.90119418e+000	-8.27584065e+005	
5.92212040e+000	-8.15821194e+005	
5.94304662e+000	-8.01297442e+005	
5.96397284e+000	-7.86570037e+005	
5.98489906e+000	-7.82585881e+005	
6.00582528e+000	-6.54932337e+005	
6.02675150e+000	-4.92032104e+005	
6.04767772e+000	-3.34077378e+005	
6.06860394e+000	-2.41036640e+005	
6.08953016e+000	-1.89538903e+005	
6.11045638e+000	-1.60040873e+005	
6.13138260e+000	-1.51388130e+005	
6.15230882e+000	-1.59706967e+005	
6.17323504e+000	-1.89125160e+005	
6.19416126e+000	-2.23232781e+005	
6.21508748e+000	-2.54344686e+005	
6.23601370e+000	-2.62345759e+005	
6.25693992e+000	-2.71106438e+005	
6.27786614e+000	-2.78379722e+005	
6.29879237e+000	-2.79277319e+005	
6.31971859e+000	-2.80053621e+005	
6.34064481e+000	-2.79931304e+005	
6.36157103e+000	-2.79902164e+005	
6.38249725e+000	-2.79893448e+005	
6.40342347e+000	-2.79884733e+005	
6.42434969e+000	-2.79866362e+005	
6.44527591e+000	-2.79828238e+005	
6.46620213e+000	-2.79854836e+005	
6.48712835e+000	-2.79789243e+005	
6.50805457e+000	-2.79702189e+005	
6.52898079e+000	-2.79623600e+005	
6.54990701e+000	-2.79532292e+005	
6.57083323e+000	-2.79448635e+005	
6.59175945e+000	-2.79364110e+005	
6.61268567e+000	-2.79268797e+005	
6.63361189e+000	-2.79157760e+005	
6.65453811e+000	-2.79057386e+005	
6.67546433e+000	-2.78958755e+005	
6.69639055e+000	-2.78860791e+005	
6.71731677e+000	-2.78754411e+005	
6.73824300e+000	-2.78666904e+005	
6.75916922e+000	-2.78583782e+005	
6.78009544e+000	-2.78510956e+005	
6.80102166e+000	-2.78314573e+005	
6.82194788e+000	-2.78142020e+005	
6.84287410e+000	-2.77944547e+005	
6.86380032e+000	-2.77587043e+005	
6.88472654e+000	-2.77263456e+005	
6.90565276e+000	-2.77549010e+005	
6.92657898e+000	-2.77834565e+005	
6.94750520e+000	-2.82148138e+005	
6.96843142e+000	-2.86583045e+005	
6.98935764e+000	-2.93560073e+005	
7.01028386e+000	-3.00967085e+005	
7.03121008e+000	-3.08161773e+005	
7.05213630e+000	-3.15305837e+005	
7.07306252e+000	-3.22172079e+005	
7.09398874e+000	-3.28932511e+005	
7.11491496e+000	-3.30776405e+005	
7.13584118e+000	-3.29891527e+005	
7.15676740e+000	-3.28666395e+005	
7.17769363e+000	-3.26911004e+005	
7.19861985e+000	-3.25628013e+005	
7.21954607e+000	-3.24858532e+005	
7.24047229e+000	-3.24035326e+005	
7.26139851e+000	-3.22764037e+005	
7.28232473e+000	-3.20905534e+005	
7.30325095e+000	-3.19346262e+005	
7.32417717e+000	-3.18173456e+005	
7.34510339e+000	-3.16995626e+005	
7.36602961e+000	-3.15972451e+005	
7.38695583e+000	-3.14820981e+005	
7.40788205e+000	-3.13863173e+005	
7.42880827e+000	-3.12947379e+005	
7.44973449e+000	-3.12182765e+005	
7.47066071e+000	-3.11509073e+005	
7.49158693e+000	-3.10842811e+005	
7.51251315e+000	-3.10245628e+005	
7.53343937e+000	-3.09555421e+005	
7.55436559e+000	-3.09010520e+005	
7.57529181e+000	-3.08502684e+005	
7.59621803e+000	-3.07796807e+005	
7.61714426e+000	-3.07416589e+005	
7.63807048e+000	-3.07600765e+005	
7.65899670e+000	-3.07989117e+005	
7.67992292e+000	-3.09269123e+005	
7.70084914e+000	-3.11518547e+005	
7.72177536e+000	-3.07360065e+005	
7.74270158e+000	-2.54387616e+005	
7.76362780e+000	-1.74321743e+005	
7.78455402e+000	-1.27729482e+005	
7.80548024e+000	-8.11372209e+004	
7.82640646e+000	-3.45449600e+004	
7.84733268e+000	1.45254683e+004	
7.86825890e+000	6.52103616e+004	
7.88918512e+000	1.15895255e+005	
7.91011134e+000	1.66580148e+005	
7.93103756e+000	2.23037413e+005	
7.95196378e+000	3.35597969e+005	
7.97289000e+000	3.43089486e+005	
7.99381622e+000	3.39577054e+005	
8.01474244e+000	3.36064623e+005	
8.03566867e+000	3.35029303e+005	
8.05659489e+000	3.33960032e+005	
8.07752111e+000	3.33455523e+005	
8.09844733e+000	3.32717882e+005	
8.11937355e+000	3.31988503e+005	
8.14029977e+000	3.31288997e+005	
8.16122599e+000	3.30259752e+005	
8.18215221e+000	3.29268241e+005	
8.20307843e+000	3.28377128e+005	
8.22400465e+000	3.27473562e+005	
8.24493087e+000	3.26743721e+005	
8.26585709e+000	3.26079871e+005	
8.28678331e+000	3.25414779e+005	
8.30770953e+000	3.24747119e+005	
8.32863575e+000	3.24128152e+005	
8.34956197e+000	3.23502759e+005	
8.37048819e+000	3.22797323e+005	
8.39141441e+000	3.22218047e+005	
8.41234063e+000	3.21605251e+005	
8.43326685e+000	3.21067536e+005	
8.45419307e+000	3.20460455e+005	
8.47511930e+000	3.19926189e+005	
8.49604552e+000	3.19392377e+005	
8.51697174e+000	3.18879385e+005	
8.53789796e+000	3.18366394e+005	
8.55882418e+000	3.18069444e+005	
8.57975040e+000	3.17907502e+005	
8.60067662e+000	3.17804396e+005	
8.62160284e+000	3.17711110e+005	
8.64252906e+000	3.17011067e+005	
8.66345528e+000	3.16134821e+005	
8.68438150e+000	3.13990926e+005	
8.70530772e+000	3.11285951e+005	
8.72623394e+000	3.11337476e+005	
8.74716016e+000	3.13130956e+005	
8.76808638e+000	3.13755296e+005	
8.78901260e+000	3.13338816e+005	
8.80993882e+000	3.12193056e+005	
8.83086504e+000	3.10146034e+005	
8.85179126e+000	3.08499047e+005	
8.87271748e+000	3.07547153e+005	
8.89364370e+000	3.06616175e+005	
8.91456993e+000	3.05296668e+005	
8.93549615e+000	3.03957082e+005	
8.95642237e+000	3.02537738e+005	
8.97734859e+000	3.01091781e+005	
8.99827481e+000	2.99481161e+005	
9.01920103e+000	2.98229593e+005	
9.04012725e+000	2.96752760e+005	
9.06105347e+000	2.95465739e+005	
9.08197969e+000	2.93857079e+005	
9.10290591e+000	2.92523801e+005	
9.12383213e+000	2.91082116e+005	
9.14475835e+000	2.89532438e+005	
9.16568457e+000	2.87943280e+005	
9.18661079e+000	2.86266069e+005	
9.20753701e+000	2.84715551e+005	
9.22846323e+000	2.83075965e+005	
9.24938945e+000	2.81472380e+005	
9.27031567e+000	2.79673856e+005	
9.29124189e+000	2.77916818e+005	
9.31216811e+000	2.76396606e+005	
9.33309433e+000	2.74316123e+005	
9.35402056e+000	2.72179692e+005	
9.37494678e+000	2.71006207e+005	
9.39587300e+000	2.70084967e+005	
9.41679922e+000	2.68717069e+005	
9.43772544e+000	2.66707086e+005	
9.45865166e+000	2.62988544e+005	
9.47957788e+000	2.45289263e+005	
9.50050410e+000	1.98702361e+005	
9.52143032e+000	2.00393209e+005	
9.54235654e+000	2.02084058e+005	
9.56328276e+000	2.03774906e+005	
9.58420898e+000	2.05465754e+005	
9.60513520e+000	2.89682236e+005	
9.62606142e+000	3.74799569e+005	
9.64698764e+000	4.59916901e+005	
9.66791386e+000	5.45034233e+005	
9.68884008e+000	7.49439149e+005	
9.70976630e+000	8.32950111e+005	
9.73069252e+000	8.38281298e+005	
9.75161874e+000	8.31206583e+005	
9.77254497e+000	8.28213161e+005	
9.79347119e+000	8.26672546e+005	
9.81439741e+000	8.27331395e+005	
9.83532363e+000	8.32474049e+005	
9.85624985e+000	8.38501658e+005	
9.87717607e+000	8.42735466e+005	
9.89810229e+000	8.46666983e+005	
9.91902851e+000	8.49844702e+005	
9.93995473e+000	8.53006096e+005	
9.96088095e+000	8.56700545e+005	
9.98180717e+000	8.60317816e+005	
1.00027334e+001	8.63909160e+005	
1.00236596e+001	8.67909140e+005	
1.00445858e+001	8.71710982e+005	
1.00655121e+001	8.76219264e+005	
1.00864383e+001	8.80118523e+005	
1.01073645e+001	8.84725146e+005	
1.01282907e+001	8.89510246e+005	
1.01492169e+001	8.95276584e+005	
1.01701432e+001	9.02220314e+005	
1.01910694e+001	9.06304270e+005	
1.02119956e+001	9.09671826e+005	
1.02329218e+001	9.12985115e+005	
1.02538480e+001	9.19470781e+005	
1.02747743e+001	9.27053385e+005	
1.02957005e+001	9.31725432e+005	
1.03166267e+001	9.35542405e+005	
1.03375529e+001	9.29441418e+005	
1.03584791e+001	9.16133199e+005	
1.03794054e+001	8.99118318e+005	
1.04003316e+001	8.78356077e+005	
1.04212578e+001	8.54927251e+005	
1.04421840e+001	8.27744825e+005	
1.04631102e+001	8.07963593e+005	
1.04840365e+001	8.02249433e+005	
1.05049627e+001	7.98567555e+005	
1.05258889e+001	8.00934110e+005	
1.05468151e+001	8.03236055e+005	
1.05677413e+001	8.05221178e+005	
1.05886676e+001	8.07204591e+005	
1.06095938e+001	8.09170141e+005	
1.06305200e+001	8.11410677e+005	
1.06514462e+001	8.13157157e+005	
1.06723724e+001	8.14903636e+005	
1.06932987e+001	8.16658667e+005	
1.07142249e+001	8.18414407e+005	
1.07351511e+001	8.20710327e+005	
1.07560773e+001	8.23243190e+005	
1.07770035e+001	8.25158733e+005	
1.07979298e+001	8.27069380e+005	
1.08188560e+001	8.29374489e+005	
1.08397822e+001	8.31134190e+005	
1.08607084e+001	8.32555402e+005	
1.08816347e+001	8.34193348e+005	
1.09025609e+001	8.35704502e+005	
1.09234871e+001	8.37244754e+005	
1.09444133e+001	8.39159004e+005	
1.09653395e+001	8.40588151e+005	
1.09862658e+001	8.40940037e+005	
1.10071920e+001	8.41446916e+005	
1.10281182e+001	8.41931296e+005	
1.10490444e+001	8.42319109e+005	
1.10699706e+001	8.42758527e+005	
1.10908969e+001	8.43899730e+005	
1.11118231e+001	8.44742154e+005	
1.11327493e+001	8.18905461e+005	
1.11536755e+001	7.90499427e+005	
1.11746017e+001	5.98166532e+005	
1.11955280e+001	4.05833637e+005	
1.12164542e+001	2.25333288e+005	
1.12373804e+001	1.47348891e+005	
1.12583066e+001	1.25435135e+005	
1.12792328e+001	1.10901488e+005	
1.13001591e+001	9.63678419e+004	
1.13210853e+001	8.18341954e+004	
1.13420115e+001	1.00908456e+005	
1.13629377e+001	1.33746179e+005	
1.13838639e+001	2.43710022e+005	
1.14047902e+001	4.02475453e+005	
1.14257164e+001	5.77196892e+005	
1.14466426e+001	6.82304672e+005	
1.14675688e+001	6.93510147e+005	
1.14884950e+001	6.96503030e+005	
1.15094213e+001	6.99163483e+005	
1.15303475e+001	7.00293666e+005	
1.15512737e+001	7.01292665e+005	
1.15721999e+001	7.01980136e+005	
1.15931261e+001	7.02688700e+005	
1.16140524e+001	7.03260742e+005	
1.16349786e+001	7.03866237e+005	
1.16559048e+001	7.04714178e+005	
1.16768310e+001	7.05702698e+005	
1.16977572e+001	7.06237557e+005	
1.17186835e+001	7.06975322e+005	
1.17396097e+001	7.07798668e+005	
1.17605359e+001	7.08376845e+005	
1.17814621e+001	7.09163595e+005	
1.18023884e+001	7.09937193e+005	
1.18233146e+001	7.10525424e+005	
1.18442408e+001	7.11287521e+005	
1.18651670e+001	7.12029557e+005	
1.18860932e+001	7.12789475e+005	
1.19070195e+001	7.13893293e+005	
1.19279457e+001	7.15061245e+005	
1.19488719e+001	7.15662410e+005	
1.19697981e+001	7.15877955e+005	
1.19907243e+001	7.16194241e+005	
1.20116506e+001	7.16626314e+005	
1.20325768e+001	7.16953973e+005	
1.20535030e+001	7.17835004e+005	
1.20744292e+001	7.18784642e+005	
1.20953554e+001	7.19893347e+005	
1.21162817e+001	7.20318619e+005	
1.21372079e+001	7.18312161e+005	
1.21581341e+001	7.15530803e+005	
1.21790603e+001	7.07894017e+005	
1.21999865e+001	7.00777730e+005	
1.22209128e+001	7.01277893e+005	
1.22418390e+001	7.01778055e+005	
1.22627652e+001	7.01653650e+005	
1.22836914e+001	7.01511903e+005	
1.23046176e+001	7.01942822e+005	
1.23255439e+001	7.02443317e+005	
1.23464701e+001	7.02972400e+005	
1.23673963e+001	7.03508186e+005	
1.23883225e+001	7.04291243e+005	
1.24092487e+001	7.04820168e+005	
1.24301750e+001	7.05338395e+005	
1.24511012e+001	7.05850783e+005	
1.24720274e+001	7.06460474e+005	
1.24929536e+001	7.07001481e+005	
1.25138798e+001	7.07539004e+005	
1.25348061e+001	7.08142638e+005	
1.25557323e+001	7.08680942e+005	
1.25766585e+001	7.09224327e+005	
1.25975847e+001	7.09824307e+005	
1.26185110e+001	7.10283652e+005	
1.26394372e+001	7.10825596e+005	
1.26603634e+001	7.11461989e+005	
1.26812896e+001	7.11902997e+005	
1.27022158e+001	7.12455127e+005	
1.27231421e+001	7.12892159e+005	
1.27440683e+001	7.13317332e+005	
1.27649945e+001	7.13981421e+005	
1.27859207e+001	7.14418244e+005	
1.28068469e+001	7.14852842e+005	
1.28277732e+001	7.15468457e+005	
1.28486994e+001	7.16442725e+005	
1.28696256e+001	7.19232712e+005	
1.28905518e+001	7.22393349e+005	
1.29114780e+001	6.99447838e+005	
1.29324043e+001	6.68129907e+005	
1.29533305e+001	5.17674878e+005	
1.29742567e+001	3.25220947e+005	
1.29951829e+001	2.35487708e+005	
1.30161091e+001	2.11763524e+005	
1.30370354e+001	1.88039341e+005	
1.30579616e+001	1.64315157e+005	
1.30788878e+001	1.92626666e+005	
1.30998140e+001	2.93630028e+005	
1.31207402e+001	3.94633390e+005	
1.31416665e+001	4.95636752e+005	
1.31625927e+001	6.50533386e+005	
1.31835189e+001	9.15335262e+005	
1.32044451e+001	9.82468407e+005	
1.32253713e+001	9.80911205e+005	
1.32462976e+001	9.80043629e+005	
1.32672238e+001	9.80152248e+005	
1.32881500e+001	9.80263247e+005	
1.33090762e+001	9.80715479e+005	
1.33300024e+001	9.81292039e+005	
1.33509287e+001	9.81773731e+005	
1.33718549e+001	9.82247354e+005	
1.33927811e+001	9.82421056e+005	
1.34137073e+001	9.83057425e+005	
1.34346335e+001	9.84067075e+005	
1.34555598e+001	9.84789810e+005	
1.34764860e+001	9.85687970e+005	
1.34974122e+001	9.86507993e+005	
1.35183384e+001	9.87016809e+005	
1.35392647e+001	9.87954525e+005	
1.35601909e+001	9.89198241e+005	
1.35811171e+001	9.90255815e+005	
1.36020433e+001	9.91595848e+005	
1.36229695e+001	9.93078752e+005	
1.36438958e+001	9.94884889e+005	
1.36648220e+001	9.98710289e+005	
1.36857482e+001	1.00215522e+006	
1.37066744e+001	1.00303158e+006	
1.37276006e+001	1.00420509e+006	
1.37485269e+001	1.00666623e+006	
1.37694531e+001	1.00877217e+006	
1.37903793e+001	1.01096823e+006	
1.38113055e+001	1.01315584e+006	
1.38322317e+001	1.01499517e+006	
1.38531580e+001	1.01683450e+006	
1.38740842e+001	1.01597194e+006	
1.38950104e+001	1.01494188e+006	
1.39159366e+001	1.00769119e+006	
1.39368628e+001	9.99426469e+005	
1.39577891e+001	1.00091936e+006	
1.39787153e+001	1.00517713e+006	
1.39996415e+001	1.00618127e+006	
1.40205677e+001	1.00576230e+006	
1.40414939e+001	1.00557227e+006	
1.40624202e+001	1.00552624e+006	
1.40833464e+001	1.00554561e+006	
1.41042726e+001	1.00562250e+006	
1.41251988e+001	1.00578131e+006	
1.41461250e+001	1.00524215e+006	
1.41670513e+001	1.00467756e+006	
1.41879775e+001	1.00406933e+006	
1.42089037e+001	1.00343629e+006	
1.42298299e+001	1.00283630e+006	
1.42507561e+001	1.00253847e+006	
1.42716824e+001	1.00225415e+006	
1.42926086e+001	1.00190048e+006	
1.43135348e+001	1.00159930e+006	
1.43344610e+001	1.00167094e+006	
1.43553873e+001	1.00150468e+006	
1.43763135e+001	1.00156650e+006	
1.43972397e+001	1.00154661e+006	
1.44181659e+001	1.00152894e+006	
1.44390921e+001	1.00144711e+006	
1.44600184e+001	1.00171572e+006	
1.44809446e+001	1.00176203e+006	
1.45018708e+001	1.00189380e+006	
1.45227970e+001	1.00208850e+006	
1.45437232e+001	1.00232741e+006	
1.45646495e+001	1.00255031e+006	
1.45855757e+001	1.00284479e+006	
1.46065019e+001	1.00499536e+006	
1.46274281e+001	1.00862693e+006	
1.46483543e+001	1.00416642e+006	
1.46692806e+001	9.91816110e+005	
1.46902068e+001	8.91021969e+005	
1.47111330e+001	6.31125308e+005	
1.47320592e+001	4.06210041e+005	
1.47529854e+001	3.39420025e+005	
1.47739117e+001	2.72630010e+005	
1.47948379e+001	2.05839994e+005	
1.48157641e+001	1.59848463e+005	
1.48366903e+001	2.37609787e+005	
1.48576165e+001	3.15371111e+005	
1.48785428e+001	3.93132434e+005	
1.48994690e+001	4.70893758e+005	
1.49203952e+001	7.86595046e+005	
1.49413214e+001	9.93384558e+005	
1.49622476e+001	1.01861740e+006	
1.49831739e+001	1.02308851e+006	
1.50041001e+001	1.02278136e+006	
1.50250263e+001	1.02060264e+006	
1.50459525e+001	1.02006472e+006	
1.50668787e+001	1.01999547e+006	
1.50878050e+001	1.02003600e+006	
1.51087312e+001	1.02017114e+006	
1.51296574e+001	1.02044257e+006	
1.51505836e+001	1.02048670e+006	
1.51715098e+001	1.02045574e+006	
1.51924361e+001	1.02063991e+006	
1.52133623e+001	1.02137222e+006	
1.52342885e+001	1.02206756e+006	
1.52552147e+001	1.02256423e+006	
1.52761410e+001	1.02294544e+006	
1.52970672e+001	1.02425823e+006	
1.53179934e+001	1.02549140e+006	
1.53389196e+001	1.02639887e+006	
1.53598458e+001	1.02820438e+006	
1.53807721e+001	1.02903143e+006	
1.54016983e+001	1.03082642e+006	
1.54226245e+001	1.03398149e+006	
1.54435507e+001	1.03632135e+006	
1.54644769e+001	1.03865437e+006	
1.54854032e+001	1.04370523e+006	
1.55063294e+001	1.04902576e+006	
1.55272556e+001	1.05055271e+006	
1.55481818e+001	1.05167798e+006	
1.55691080e+001	1.05238905e+006	
1.55900343e+001	1.05295908e+006	
1.56109605e+001	1.05303910e+006	
1.56318867e+001	1.05287093e+006	
1.56528129e+001	1.04911823e+006	
1.56737391e+001	1.04279176e+006	
1.56946654e+001	1.04280217e+006	
1.57155916e+001	1.04914286e+006	
1.57365178e+001	1.05288055e+006	
1.57574440e+001	1.05299319e+006	
1.57783702e+001	1.05283126e+006	
1.57992965e+001	1.05212707e+006	
1.58202227e+001	1.05146897e+006	
1.58411489e+001	1.05094607e+006	
1.58620751e+001	1.05056099e+006	
1.58830013e+001	1.04871221e+006	
1.59039276e+001	1.04687019e+006	
1.59248538e+001	1.04509660e+006	
1.59457800e+001	1.04331734e+006	
1.59667062e+001	1.04086733e+006	
1.59876324e+001	1.03954472e+006	
1.60085587e+001	1.03816310e+006	
1.60294849e+001	1.03633777e+006	
1.60504111e+001	1.03499905e+006	
1.60713373e+001	1.03411519e+006	
1.60922636e+001	1.03299995e+006	
1.61131898e+001	1.03228302e+006	
1.61341160e+001	1.03145305e+006	
1.61550422e+001	1.03057752e+006	
1.61759684e+001	1.02973898e+006	
1.61968947e+001	1.02927678e+006	
1.62178209e+001	1.02889233e+006	
1.62387471e+001	1.02856676e+006	
1.62596733e+001	1.02831537e+006	
1.62805995e+001	1.02844613e+006	
1.63015258e+001	1.02846618e+006	
1.63224520e+001	1.02840546e+006	
1.63433782e+001	1.02913395e+006	
1.63643044e+001	1.03126014e+006	
1.63852306e+001	1.03155803e+006	
1.64061569e+001	1.02727702e+006	
1.64270831e+001	1.00385951e+006	
1.64480093e+001	8.10189477e+005	
1.64689355e+001	4.75739506e+005	
1.64898617e+001	3.99106202e+005	
1.65107880e+001	3.22472898e+005	
1.65317142e+001	2.45839595e+005	
1.65526404e+001	1.69206291e+005	
1.65735666e+001	2.38729101e+005	
1.65944928e+001	3.32711972e+005	
1.66154191e+001	4.26694843e+005	
1.66363453e+001	5.20677715e+005	
1.66572715e+001	7.30955245e+005	
1.66781977e+001	9.25111962e+005	
1.66991239e+001	9.88942067e+005	
1.67200502e+001	9.93108571e+005	
1.67409764e+001	9.95805480e+005	
1.67619026e+001	9.96242507e+005	
1.67828288e+001	9.96364125e+005	
1.68037550e+001	9.96014942e+005	
1.68246813e+001	9.95601808e+005	
1.68456075e+001	9.95293925e+005	
1.68665337e+001	9.94842629e+005	
1.68874599e+001	9.94165280e+005	
1.69083861e+001	9.94157815e+005	
1.69293124e+001	9.94000149e+005	
1.69502386e+001	9.93804189e+005	
1.69711648e+001	9.93575525e+005	
1.69920910e+001	9.93311431e+005	
1.70130173e+001	9.92656425e+005	
1.70339435e+001	9.92755865e+005	
1.70548697e+001	9.92866745e+005	
1.70757959e+001	9.92772138e+005	
1.70967221e+001	9.93040355e+005	
1.71176484e+001	9.92957251e+005	
1.71385746e+001	9.93646355e+005	
1.71595008e+001	9.94673011e+005	
1.71804270e+001	9.95250430e+005	
1.72013532e+001	9.95632679e+005	
1.72222795e+001	9.97398713e+005	
1.72432057e+001	9.99970679e+005	
1.72641319e+001	1.00105476e+006	
1.72850581e+001	1.00152444e+006	
1.73059843e+001	1.00205005e+006	
1.73269106e+001	1.00263936e+006	
1.73478368e+001	1.00280421e+006	
1.73687630e+001	1.00229399e+006	
1.73896892e+001	1.00057628e+006	
1.74106154e+001	9.96098686e+005	
1.74315417e+001	9.94764671e+005	
1.74524679e+001	1.00456795e+006	
1.74733941e+001	1.01320199e+006	
1.74943203e+001	1.01466441e+006	
1.75152465e+001	1.01594934e+006	
1.75361728e+001	1.01437124e+006	
1.75570990e+001	1.01279315e+006	
1.75780252e+001	1.01144329e+006	
1.75989514e+001	1.01009894e+006	
1.76198776e+001	1.00952860e+006	
1.76408039e+001	1.00863950e+006	
1.76617301e+001	1.00771767e+006	
1.76826563e+001	1.00678827e+006	
1.77035825e+001	1.00421486e+006	
1.77245087e+001	1.00147321e+006	
1.77454350e+001	9.99806082e+005	
1.77663612e+001	9.98198158e+005	
1.77872874e+001	9.96602818e+005	
1.78082136e+001	9.95589636e+005	
1.78291399e+001	9.94638192e+005	
1.78500661e+001	9.93566497e+005	
1.78709923e+001	9.92769759e+005	
1.78919185e+001	9.91825507e+005	
1.79128447e+001	9.90812119e+005	
1.79337710e+001	9.90032238e+005	
1.79546972e+001	9.89119811e+005	
1.79756234e+001	9.88271854e+005	
1.79965496e+001	9.87492699e+005	
1.80174758e+001	9.87171691e+005	
1.80384021e+001	9.86830477e+005	
1.80593283e+001	9.86238580e+005	
1.80802545e+001	9.85606646e+005	
1.81011807e+001	9.85482278e+005	
1.81221069e+001	9.85361459e+005	
1.81430332e+001	9.86467231e+005	
1.81639594e+001	9.88291821e+005	
1.81848856e+001	9.25682929e+005	
1.82058118e+001	6.46733127e+005	
1.82267380e+001	4.89139278e+005	
1.82476643e+001	3.91100727e+005	
1.82685905e+001	2.93062176e+005	
1.82895167e+001	1.95023625e+005	
1.83104429e+001	1.69004677e+005	
1.83313691e+001	1.94064972e+005	
1.83522954e+001	2.19125268e+005	
1.83732216e+001	2.44185564e+005	
1.83941478e+001	3.36158285e+005	
1.84150740e+001	5.29434439e+005	
1.84360002e+001	6.77174036e+005	
1.84569265e+001	7.07417277e+005	
1.84778527e+001	7.29588664e+005	
1.84987789e+001	7.26518088e+005	
1.85197051e+001	7.23802254e+005	
1.85406313e+001	7.22824820e+005	
1.85615576e+001	7.22196302e+005	
1.85824838e+001	7.21757918e+005	
1.86034100e+001	7.21317300e+005	
1.86243362e+001	7.20648620e+005	
1.86452624e+001	7.20219376e+005	
1.86661887e+001	7.19778473e+005	
1.86871149e+001	7.19223393e+005	
1.87080411e+001	7.18779740e+005	
1.87289673e+001	7.18139408e+005	
1.87498936e+001	7.17596485e+005	
1.87708198e+001	7.17139301e+005	
1.87917460e+001	7.16542773e+005	
1.88126722e+001	7.16003987e+005	
1.88335984e+001	7.15468831e+005	
1.88545247e+001	7.14868307e+005	
1.88754509e+001	7.14334148e+005	
1.88963771e+001	7.13797882e+005	
1.89173033e+001	7.13194474e+005	
1.89382295e+001	7.12687690e+005	
1.89591558e+001	7.12175584e+005	
1.89800820e+001	7.11653724e+005	
1.90010082e+001	7.10872853e+005	
1.90219344e+001	7.10335363e+005	
1.90428606e+001	7.09803909e+005	
1.90637869e+001	7.09298201e+005	
1.90847131e+001	7.08862599e+005	
1.91056393e+001	7.09004025e+005	
1.91265655e+001	7.09127869e+005	
1.91474917e+001	7.08618404e+005	
1.91684180e+001	7.08108940e+005	
1.91893442e+001	7.15294343e+005	
1.92102704e+001	7.23005629e+005	
1.92311966e+001	7.25814109e+005	
1.92521228e+001	7.27840128e+005	
1.92730491e+001	7.27410713e+005	
1.92939753e+001	7.26291205e+005	
1.93149015e+001	7.25338215e+005	
1.93358277e+001	7.24457049e+005	
1.93567539e+001	7.24137796e+005	
1.93776802e+001	7.23714428e+005	
1.93986064e+001	7.23402299e+005	
1.94195326e+001	7.23186953e+005	
1.94404588e+001	7.22589023e+005	
1.94613850e+001	7.21428462e+005	
1.94823113e+001	7.20329962e+005	
1.95032375e+001	7.19570045e+005	
1.95241637e+001	7.18827228e+005	
1.95450899e+001	7.18063327e+005	
1.95660162e+001	7.17474482e+005	
1.95869424e+001	7.16700077e+005	
1.96078686e+001	7.15908331e+005	
1.96287948e+001	7.15326842e+005	
1.96497210e+001	7.14497691e+005	
1.96706473e+001	7.13754457e+005	
1.96915735e+001	7.13215473e+005	
1.97124997e+001	7.12214823e+005	
1.97334259e+001	7.11348854e+005	
1.97543521e+001	7.10735095e+005	
1.97752784e+001	7.10156217e+005	
1.97962046e+001	7.09438726e+005	
1.98171308e+001	7.08737740e+005	
1.98380570e+001	7.07765401e+005	
1.98589832e+001	7.06678391e+005	
1.98799095e+001	7.04191167e+005	
1.99008357e+001	7.01456898e+005	
1.99217619e+001	6.89826826e+005	
1.99426881e+001	5.83542669e+005	
1.99636143e+001	4.08044588e+005	
1.99845406e+001	2.49164897e+005	
2.00054668e+001	1.39233642e+005	
2.00263930e+001	1.06660494e+005	
2.00473192e+001	8.86445550e+004	
2.00682454e+001	1.05090729e+005	
2.00891717e+001	1.21536903e+005	
2.01100979e+001	1.37983076e+005	
2.01310241e+001	1.62174427e+005	
2.01519503e+001	2.43857290e+005	
2.01728765e+001	4.21172368e+005	
2.01938028e+001	6.11328191e+005	
2.02147290e+001	8.01484014e+005	
2.02356552e+001	8.29285007e+005	
2.02565814e+001	8.54525450e+005	
2.02775076e+001	8.53304394e+005	
2.02984339e+001	8.51682220e+005	
2.03193601e+001	8.50853252e+005	
2.03402863e+001	8.50101751e+005	
2.03612125e+001	8.49092005e+005	
2.03821387e+001	8.48061200e+005	
2.04030650e+001	8.47370537e+005	
2.04239912e+001	8.45682659e+005	
2.04449174e+001	8.43524132e+005	
2.04658436e+001	8.41656873e+005	
2.04867699e+001	8.39486804e+005	
2.05076961e+001	8.37012648e+005	
2.05286223e+001	8.35068681e+005	
2.05495485e+001	8.33155295e+005	
2.05704747e+001	8.30812064e+005	
2.05914010e+001	8.28802229e+005	
2.06123272e+001	8.26590337e+005	
2.06332534e+001	8.23608562e+005	
2.06541796e+001	8.20817386e+005	
2.06751058e+001	8.18565835e+005	
2.06960321e+001	8.16331001e+005	
2.07169583e+001	8.14298245e+005	
2.07378845e+001	8.12265489e+005	
2.07588107e+001	8.09771304e+005	
2.07797369e+001	8.07551242e+005	
2.08006632e+001	8.05447727e+005	
2.08215894e+001	8.03355414e+005	
2.08425156e+001	8.00966480e+005	
2.08634418e+001	7.98517004e+005	
2.08843680e+001	8.00709746e+005	
2.09052943e+001	8.04462437e+005	
2.09262205e+001	8.25855938e+005	
2.09471467e+001	8.56431273e+005	
2.09680729e+001	8.82666506e+005	
2.09889991e+001	9.05817143e+005	
2.10099254e+001	9.25733039e+005	
2.10308516e+001	9.42450988e+005	
2.10517778e+001	9.52061461e+005	
2.10727040e+001	9.51890056e+005	
2.10936302e+001	9.49863180e+005	
2.11145565e+001	9.42894219e+005	
2.11354827e+001	9.36179083e+005	
2.11564089e+001	9.30197903e+005	
2.11773351e+001	9.23758211e+005	
2.11982613e+001	9.15524794e+005	
2.12191876e+001	9.09435079e+005	
2.12401138e+001	9.01211053e+005	
2.12610400e+001	8.94791699e+005	
2.12819662e+001	8.89684145e+005	
2.13028925e+001	8.84972280e+005	
2.13238187e+001	8.80717247e+005	
2.13447449e+001	8.74880673e+005	
2.13656711e+001	8.70324979e+005	
2.13865973e+001	8.66062052e+005	
2.14075236e+001	8.61765111e+005	
2.14284498e+001	8.57314685e+005	
2.14493760e+001	8.51977249e+005	
2.14703022e+001	8.47663442e+005	
2.14912284e+001	8.44921639e+005	
2.15121547e+001	8.42786424e+005	
2.15330809e+001	8.37284692e+005	
2.15540071e+001	8.28203657e+005	
2.15749333e+001	8.19779413e+005	
2.15958595e+001	8.12852090e+005	
2.16167858e+001	7.97726165e+005	
2.16377120e+001	7.68284457e+005	
2.16586382e+001	7.27545602e+005	
2.16795644e+001	6.33818996e+005	
2.17004906e+001	4.83682518e+005	
2.17214169e+001	4.15287960e+005	
2.17423431e+001	3.46893403e+005	
2.17632693e+001	2.78498845e+005	
2.17841955e+001	2.09952996e+005	
2.18051217e+001	1.82127896e+005	
2.18260480e+001	1.54302797e+005	
2.18469742e+001	1.82497589e+005	
2.18679004e+001	2.13902698e+005	
2.18888266e+001	2.62265811e+005	
2.19097528e+001	2.77318417e+005	
2.19306791e+001	2.80148275e+005	
2.19516053e+001	2.81728801e+005	
2.19725315e+001	2.82935046e+005	
2.19934577e+001	2.83783625e+005	
2.20143839e+001	2.84899352e+005	
2.20353102e+001	2.86158312e+005	
2.20562364e+001	2.87168002e+005	
2.20771626e+001	2.87975847e+005	
2.20980888e+001	2.88986835e+005	
2.21190150e+001	2.90222461e+005	
2.21399413e+001	2.91396789e+005	
2.21608675e+001	2.92418771e+005	
2.21817937e+001	2.93561867e+005	
2.22027199e+001	2.94637514e+005	
2.22236462e+001	2.95623130e+005	
2.22445724e+001	2.96712876e+005	
2.22654986e+001	2.97442499e+005	
2.22864248e+001	2.98128670e+005	
2.23073510e+001	2.98767761e+005	
2.23282773e+001	2.99405758e+005	
2.23492035e+001	3.00127554e+005	
2.23701297e+001	3.00766831e+005	
2.23910559e+001	3.01722481e+005	
2.24119821e+001	3.02198013e+005	
2.24329084e+001	3.02604704e+005	
2.24538346e+001	3.03069814e+005	
2.24747608e+001	3.03549675e+005	
2.24956870e+001	3.03957581e+005	
2.25166132e+001	3.04509445e+005	
2.25375395e+001	3.05228056e+005	
2.25584657e+001	3.06042662e+005	
2.25793919e+001	3.07671175e+005	
2.26003181e+001	3.09958168e+005	
2.26212443e+001	3.11543439e+005	
2.26421706e+001	3.12340321e+005	
2.26630968e+001	3.15070844e+005	
2.26840230e+001	3.20911248e+005	
2.27049492e+001	3.26807327e+005	
2.27258754e+001	3.32827437e+005	
2.27468017e+001	3.37547772e+005	
2.27677279e+001	3.37791515e+005	
2.27886541e+001	3.37814802e+005	
2.28095803e+001	3.36517897e+005	
2.28305065e+001	3.35399130e+005	
2.28514328e+001	3.34694096e+005	
2.28723590e+001	3.33989062e+005	
2.28932852e+001	3.33333241e+005	
2.29142114e+001	3.32678446e+005	
2.29351376e+001	3.31651634e+005	
2.29560639e+001	3.30982683e+005	
2.29769901e+001	3.30328302e+005	
2.29979163e+001	3.29718620e+005	
2.30188425e+001	3.29007630e+005	
2.30397688e+001	3.28394204e+005	
2.30606950e+001	3.27962391e+005	
2.30816212e+001	3.27569562e+005	
2.31025474e+001	3.27192255e+005	
2.31234736e+001	3.26809285e+005	
2.31443999e+001	3.26408806e+005	
2.31653261e+001	3.25938528e+005	
2.31862523e+001	3.25359770e+005	
2.32071785e+001	3.25153683e+005	
2.32281047e+001	3.25327869e+005	
2.32490310e+001	3.25515163e+005	
2.32699572e+001	3.25729976e+005	
2.32908834e+001	3.25794139e+005	
2.33118096e+001	3.24780537e+005	
2.33327358e+001	3.23061278e+005	
2.33536621e+001	3.21612293e+005	
2.33745883e+001	3.25377853e+005	
2.33955145e+001	3.29143413e+005	
2.34164407e+001	3.36487362e+005	
2.34373669e+001	2.32838369e+005	
2.34582932e+001	1.79739728e+005	
2.34792194e+001	1.31918315e+005	
2.35001456e+001	8.40969016e+004	
2.35210718e+001	3.62754885e+004	
2.35419980e+001	-1.08046952e+004	
2.35629243e+001	-5.62738580e+004	
2.35838505e+001	-1.17126555e+005	
2.36047767e+001	-1.85625201e+005	
2.36257029e+001	-2.65334801e+005	
2.36466291e+001	-3.13530617e+005	
2.36675554e+001	-3.19830922e+005	
2.36884816e+001	-3.17252564e+005	
2.37094078e+001	-3.15722196e+005	
2.37303340e+001	-3.15161782e+005	
2.37512602e+001	-3.14480335e+005	
2.37721865e+001	-3.13705943e+005	
2.37931127e+001	-3.13334280e+005	
2.38140389e+001	-3.13166783e+005	
2.38349651e+001	-3.12920308e+005	
2.38558913e+001	-3.12311244e+005	
2.38768176e+001	-3.11841877e+005	
2.38977438e+001	-3.11494336e+005	
2.39186700e+001	-3.11114731e+005	
2.39395962e+001	-3.10848448e+005	
2.39605225e+001	-3.10601658e+005	
2.39814487e+001	-3.10363829e+005	
2.40023749e+001	-3.10188650e+005	
2.40233011e+001	-3.09993942e+005	
2.40442273e+001	-3.09847645e+005	
2.40651536e+001	-3.09711287e+005	
2.40860798e+001	-3.09607036e+005	
2.41070060e+001	-3.09502080e+005	
2.41279322e+001	-3.09392437e+005	
2.41488584e+001	-3.09335822e+005	
2.41697847e+001	-3.09315211e+005	
2.41907109e+001	-3.09309869e+005	
2.42116371e+001	-3.09318570e+005	
2.42325633e+001	-3.09281493e+005	
2.42534895e+001	-3.09447589e+005	
2.42744158e+001	-3.09678155e+005	
2.42953420e+001	-3.10024863e+005	
2.43162682e+001	-3.09955744e+005	
2.43371944e+001	-3.08790099e+005	
2.43581206e+001	-3.06961912e+005	
2.43790469e+001	-3.02365993e+005	
2.43999731e+001	-2.98355040e+005	
2.44208993e+001	-2.98828823e+005	
2.44418255e+001	-2.99248551e+005	
2.44627517e+001	-2.97860087e+005	
2.44836780e+001	-2.96471622e+005	
2.45046042e+001	-2.94970268e+005	
2.45255304e+001	-2.93462708e+005	
2.45464566e+001	-2.92587823e+005	
2.45673828e+001	-2.91811402e+005	
2.45883091e+001	-2.90779204e+005	
2.46092353e+001	-2.89516547e+005	
2.46301615e+001	-2.88735535e+005	
2.46510877e+001	-2.88159580e+005	
2.46720139e+001	-2.87370721e+005	
2.46929402e+001	-2.86022225e+005	
2.47138664e+001	-2.84532092e+005	
2.47347926e+001	-2.83260905e+005	
2.47557188e+001	-2.82091502e+005	
2.47766451e+001	-2.80943439e+005	
2.47975713e+001	-2.79795055e+005	
2.48184975e+001	-2.78566949e+005	
2.48394237e+001	-2.77330582e+005	
2.48603499e+001	-2.75912013e+005	
2.48812762e+001	-2.74659711e+005	
2.49022024e+001	-2.73339631e+005	
2.49231286e+001	-2.71940727e+005	
2.49440548e+001	-2.70716686e+005	
2.49649810e+001	-2.68895483e+005	
2.49859073e+001	-2.67565108e+005	
2.50068335e+001	-2.66234734e+005	
2.50277597e+001	-2.64121571e+005	
2.50486859e+001	-2.63197129e+005	
2.50696121e+001	-2.62272187e+005	
2.50905384e+001	-2.61333562e+005	
2.51114646e+001	-2.59765495e+005	
2.51323908e+001	-2.58183248e+005	
2.51533170e+001	-2.49575182e+005	
2.51742432e+001	-2.10749661e+005	
2.51951695e+001	-1.93422949e+005	
2.52160957e+001	-1.95902335e+005	
2.52370219e+001	-1.98381720e+005	
2.52579481e+001	-2.00861106e+005	
2.52788743e+001	-2.43035699e+005	
2.52998006e+001	-3.26568139e+005	
2.53207268e+001	-4.10100578e+005	
2.53416530e+001	-4.93633018e+005	
2.53625792e+001	-6.21733219e+005	
2.53835054e+001	-7.99124100e+005	
2.54044317e+001	-8.28129694e+005	
2.54253579e+001	-8.24099705e+005	
2.54462841e+001	-8.21089474e+005	
2.54672103e+001	-8.20941972e+005	
2.54881365e+001	-8.20822105e+005	
2.55090628e+001	-8.21232589e+005	
2.55299890e+001	-8.26911524e+005	
2.55509152e+001	-8.30705635e+005	
2.55718414e+001	-8.34462347e+005	
2.55927676e+001	-8.38389736e+005	
2.56136939e+001	-8.41061058e+005	
2.56346201e+001	-8.43753881e+005	
2.56555463e+001	-8.46575300e+005	
2.56764725e+001	-8.49607076e+005	
2.56973988e+001	-8.53597227e+005	
2.57183250e+001	-8.57263001e+005	
2.57392512e+001	-8.60632992e+005	
2.57601774e+001	-8.64109721e+005	
2.57811036e+001	-8.68132338e+005	
2.58020299e+001	-8.72984623e+005	
2.58229561e+001	-8.77943686e+005	
2.58438823e+001	-8.83256735e+005	
2.58648085e+001	-8.89253156e+005	
2.58857347e+001	-8.93264704e+005	
2.59066610e+001	-8.95677077e+005	
2.59275872e+001	-8.99235960e+005	
2.59485134e+001	-9.06365385e+005	
2.59694396e+001	-9.12390065e+005	
2.59903658e+001	-9.15190626e+005	
2.60112921e+001	-9.17006843e+005	
2.60322183e+001	-9.07370439e+005	
2.60531445e+001	-8.97734035e+005	
2.60740707e+001	-8.82170278e+005	
2.60949969e+001	-8.66590551e+005	
2.61159232e+001	-8.45277114e+005	
2.61368494e+001	-8.23432905e+005	
2.61577756e+001	-8.12154446e+005	
2.61787018e+001	-8.02678604e+005	
2.61996280e+001	-8.01272449e+005	
2.62205543e+001	-8.02535076e+005	
2.62414805e+001	-8.03942521e+005	
2.62624067e+001	-8.05421382e+005	
2.62833329e+001	-8.06808298e+005	
2.63042591e+001	-8.08130703e+005	
2.63251854e+001	-8.09741697e+005	
2.63461116e+001	-8.11098600e+005	
2.63670378e+001	-8.12340335e+005	
2.63879640e+001	-8.13425460e+005	
2.64088902e+001	-8.14693187e+005	
2.64298165e+001	-8.16040195e+005	
2.64507427e+001	-8.16823781e+005	
2.64716689e+001	-8.17763248e+005	
2.64925951e+001	-8.18615123e+005	
2.65135214e+001	-8.19595249e+005	
2.65344476e+001	-8.20909119e+005	
2.65553738e+001	-8.21821827e+005	
2.65763000e+001	-8.22818102e+005	
2.65972262e+001	-8.24174267e+005	
2.66181525e+001	-8.24944611e+005	
2.66390787e+001	-8.25507583e+005	
2.66600049e+001	-8.26104240e+005	
2.66809311e+001	-8.26210159e+005	
2.67018573e+001	-8.25954931e+005	
2.67227836e+001	-8.25679362e+005	
2.67437098e+001	-8.25434218e+005	
2.67646360e+001	-8.25117374e+005	
2.67855622e+001	-8.24983120e+005	
2.68064884e+001	-8.26396888e+005	
2.68274147e+001	-8.28747491e+005	
2.68483409e+001	-8.04245693e+005	
2.68692671e+001	-7.56071960e+005	
2.68901933e+001	-6.02826396e+005	
2.69111195e+001	-3.49225486e+005	
2.69320458e+001	-2.09009501e+005	
2.69529720e+001	-1.82330048e+005	
2.69738982e+001	-1.55650594e+005	
2.69948244e+001	-1.28971141e+005	
2.70157506e+001	-1.22752938e+005	
2.70366769e+001	-1.95224233e+005	
2.70576031e+001	-2.67695528e+005	
2.70785293e+001	-3.40166824e+005	
2.70994555e+001	-4.17857921e+005	
2.71203817e+001	-6.60334697e+005	
2.71413080e+001	-7.04870431e+005	
2.71622342e+001	-7.06873159e+005	
2.71831604e+001	-7.06688325e+005	
2.72040866e+001	-7.07364938e+005	
2.72250128e+001	-7.07734637e+005	
2.72459391e+001	-7.08142027e+005	
2.72668653e+001	-7.08485980e+005	
2.72877915e+001	-7.08776416e+005	
2.73087177e+001	-7.09054972e+005	
2.73296439e+001	-7.09396832e+005	
2.73505702e+001	-7.09795517e+005	
2.73714964e+001	-7.10324634e+005	
2.73924226e+001	-7.10632476e+005	
2.74133488e+001	-7.10985309e+005	
2.74342751e+001	-7.11365307e+005	
2.74552013e+001	-7.11691129e+005	
2.74761275e+001	-7.12047987e+005	
2.74970537e+001	-7.12432222e+005	
2.75179799e+001	-7.12741895e+005	
2.75389062e+001	-7.13052103e+005	
2.75598324e+001	-7.13477197e+005	
2.75807586e+001	-7.13824770e+005	
2.76016848e+001	-7.14364810e+005	
2.76226110e+001	-7.14981527e+005	
2.76435373e+001	-7.15145850e+005	
2.76644635e+001	-7.15310174e+005	
2.76853897e+001	-7.15465677e+005	
2.77063159e+001	-7.15620869e+005	
2.77272421e+001	-7.15720291e+005	
2.77481684e+001	-7.16115415e+005	
2.77690946e+001	-7.16721248e+005	
2.77900208e+001	-7.17379311e+005	
2.78109470e+001	-7.16944095e+005	
2.78318732e+001	-7.16082407e+005	
2.78527995e+001	-7.12000246e+005	
2.78737257e+001	-7.06087739e+005	
2.78946519e+001	-7.05121636e+005	
2.79155781e+001	-7.08092690e+005	
2.79365043e+001	-7.09540452e+005	
2.79574306e+001	-7.09294259e+005	
2.79783568e+001	-7.09162338e+005	
2.79992830e+001	-7.09207927e+005	
2.80202092e+001	-7.09298377e+005	
2.80411354e+001	-7.09488774e+005	
2.80620617e+001	-7.09932886e+005	
2.80829879e+001	-7.10097724e+005	
2.81039141e+001	-7.10260781e+005	
2.81248403e+001	-7.10413425e+005	
2.81457665e+001	-7.10571657e+005	
2.81666928e+001	-7.10809136e+005	
2.81876190e+001	-7.10936646e+005	
2.82085452e+001	-7.11107878e+005	
2.82294714e+001	-7.11298795e+005	
2.82503977e+001	-7.11475487e+005	
2.82713239e+001	-7.11648433e+005	
2.82922501e+001	-7.11813061e+005	
2.83131763e+001	-7.11947813e+005	
2.83341025e+001	-7.12126472e+005	
2.83550288e+001	-7.12290912e+005	
2.83759550e+001	-7.12427851e+005	
2.83968812e+001	-7.12594750e+005	
2.84178074e+001	-7.12588718e+005	
2.84387336e+001	-7.12751115e+005	
2.84596599e+001	-7.12905448e+005	
2.84805861e+001	-7.13040567e+005	
2.85015123e+001	-7.13188449e+005	
2.85224385e+001	-7.13363438e+005	
2.85433647e+001	-7.14297594e+005	
2.85642910e+001	-7.16768195e+005	
2.85852172e+001	-7.16194138e+005	
2.86061434e+001	-7.08046291e+005	
2.86270696e+001	-6.75357113e+005	
2.86479958e+001	-5.08282568e+005	
2.86689221e+001	-2.99068638e+005	
2.86898483e+001	-2.59767614e+005	
2.87107745e+001	-2.20466589e+005	
2.87317007e+001	-1.81165565e+005	
2.87526269e+001	-1.41864540e+005	
2.87735532e+001	-2.13087562e+005	
2.87944794e+001	-2.94157771e+005	
2.88154056e+001	-3.75227980e+005	
2.88363318e+001	-4.56298189e+005	
2.88572580e+001	-7.06265415e+005	
2.88781843e+001	-9.25033210e+005	
2.88991105e+001	-9.88148254e+005	
2.89200367e+001	-9.92110682e+005	
2.89409629e+001	-9.93109084e+005	
2.89618891e+001	-9.91027205e+005	
2.89828154e+001	-9.89909688e+005	
2.90037416e+001	-9.89865608e+005	
2.90246678e+001	-9.89952819e+005	
2.90455940e+001	-9.90007393e+005	
2.90665202e+001	-9.89919550e+005	
2.90874465e+001	-9.89716298e+005	
2.91083727e+001	-9.90166878e+005	
2.91292989e+001	-9.90478511e+005	
2.91502251e+001	-9.90722016e+005	
2.91711514e+001	-9.91010642e+005	
2.91920776e+001	-9.91225908e+005	
2.92130038e+001	-9.91068909e+005	
2.92339300e+001	-9.91848898e+005	
2.92548562e+001	-9.92668095e+005	
2.92757825e+001	-9.93067725e+005	
2.92967087e+001	-9.94252627e+005	
2.93176349e+001	-9.94682371e+005	
2.93385611e+001	-9.95790435e+005	
2.93594873e+001	-9.97834897e+005	
2.93804136e+001	-9.99623099e+005	
2.94013398e+001	-1.00127847e+006	
2.94222660e+001	-1.00446913e+006	
2.94431922e+001	-1.00835762e+006	
2.94641184e+001	-1.01004443e+006	
2.94850447e+001	-1.01083000e+006	
2.95059709e+001	-1.01144202e+006	
2.95268971e+001	-1.01189626e+006	
2.95478233e+001	-1.01205687e+006	
2.95687495e+001	-1.01184612e+006	
2.95896758e+001	-1.00954811e+006	
2.96106020e+001	-1.00353692e+006	
2.96315282e+001	-1.00093783e+006	
2.96524544e+001	-1.00720369e+006	
2.96733806e+001	-1.01230188e+006	
2.96943069e+001	-1.01260167e+006	
2.97152331e+001	-1.01281143e+006	
2.97361593e+001	-1.01232126e+006	
2.97570855e+001	-1.01183863e+006	
2.97780117e+001	-1.01158441e+006	
2.97989380e+001	-1.01133019e+006	
2.98198642e+001	-1.01082287e+006	
2.98407904e+001	-1.00991912e+006	
2.98617166e+001	-1.00901070e+006	
2.98826428e+001	-1.00810159e+006	
2.99035691e+001	-1.00696830e+006	
2.99244953e+001	-1.00619566e+006	
2.99454215e+001	-1.00560357e+006	
2.99663477e+001	-1.00481525e+006	
2.99872740e+001	-1.00414001e+006	
3.00082002e+001	-1.00374130e+006	
3.00291264e+001	-1.00334872e+006	
3.00500526e+001	-1.00299061e+006	
3.00709788e+001	-1.00270241e+006	
3.00919051e+001	-1.00232139e+006	
3.01128313e+001	-1.00196320e+006	
3.01337575e+001	-1.00169112e+006	
3.01546837e+001	-1.00138605e+006	
3.01756099e+001	-1.00127627e+006	
3.01965362e+001	-1.00107654e+006	
3.02174624e+001	-1.00107203e+006	
3.02383886e+001	-1.00105187e+006	
3.02593148e+001	-1.00093798e+006	
3.02802410e+001	-1.00104895e+006	
3.03011673e+001	-1.00347556e+006	
3.03220935e+001	-1.00590217e+006	
3.03430197e+001	-1.00128636e+006	
3.03639459e+001	-9.97060369e+005	
3.03848721e+001	-8.20009421e+005	
3.04057984e+001	-5.28038625e+005	
3.04267246e+001	-4.06296109e+005	
3.04476508e+001	-3.30593596e+005	
3.04685770e+001	-2.54891084e+005	
3.04895032e+001	-1.79188571e+005	
3.05104295e+001	-1.90532859e+005	
3.05313557e+001	-2.49876933e+005	
3.05522819e+001	-3.09221008e+005	
3.05732081e+001	-3.68565082e+005	
3.05941343e+001	-5.34627200e+005	
3.06150606e+001	-8.15620046e+005	
3.06359868e+001	-9.93265115e+005	
3.06569130e+001	-1.01739148e+006	
3.06778392e+001	-1.03346979e+006	
3.06987654e+001	-1.02968530e+006	
3.07196917e+001	-1.02660105e+006	
3.07406179e+001	-1.02601417e+006	
3.07615441e+001	-1.02603090e+006	
3.07824703e+001	-1.02598231e+006	
3.08033965e+001	-1.02587586e+006	
3.08243228e+001	-1.02496577e+006	
3.08452490e+001	-1.02504589e+006	
3.08661752e+001	-1.02572045e+006	
3.08871014e+001	-1.02604363e+006	
3.09080277e+001	-1.02637479e+006	
3.09289539e+001	-1.02673593e+006	
3.09498801e+001	-1.02659064e+006	
3.09708063e+001	-1.02721643e+006	
3.09917325e+001	-1.02829062e+006	
3.10126588e+001	-1.02898290e+006	
3.10335850e+001	-1.03006587e+006	
3.10545112e+001	-1.03113078e+006	
3.10754374e+001	-1.03226948e+006	
3.10963636e+001	-1.03422961e+006	
3.11172899e+001	-1.03649957e+006	
3.11382161e+001	-1.03855582e+006	
3.11591423e+001	-1.04172494e+006	
3.11800685e+001	-1.04649733e+006	
3.12009947e+001	-1.04966033e+006	
3.12219210e+001	-1.05051565e+006	
3.12428472e+001	-1.05119997e+006	
3.12637734e+001	-1.05136003e+006	
3.12846996e+001	-1.05142937e+006	
3.13056258e+001	-1.05103549e+006	
3.13265521e+001	-1.04987959e+006	
3.13474783e+001	-1.04019302e+006	
3.13684045e+001	-1.03050655e+006	
