% Column 0: Length, cm
% Column 1: H.n, Amp/m
0.00000000e+000	-1.13885314e+006	
2.09262205e-002	-1.15030284e+006	
4.18524410e-002	-1.16175251e+006	
6.27786614e-002	-1.16285686e+006	
8.37048819e-002	-1.16303730e+006	
1.04631102e-001	-1.16234575e+006	
1.25557323e-001	-1.16148344e+006	
1.46483543e-001	-1.16073902e+006	
1.67409764e-001	-1.16003293e+006	
1.88335984e-001	-1.15787914e+006	
2.09262205e-001	-1.15444677e+006	
2.30188425e-001	-1.15112887e+006	
2.51114646e-001	-1.14789050e+006	
2.72040866e-001	-1.14454914e+006	
2.92967087e-001	-1.14197454e+006	
3.13893307e-001	-1.13970117e+006	
3.34819528e-001	-1.13672430e+006	
3.55745748e-001	-1.13431342e+006	
3.76671969e-001	-1.13235937e+006	
3.97598189e-001	-1.13057715e+006	
4.18524410e-001	-1.12895762e+006	
4.39450630e-001	-1.12775389e+006	
4.60376851e-001	-1.12592003e+006	
4.81303071e-001	-1.12462523e+006	
5.02229292e-001	-1.12324361e+006	
5.23155512e-001	-1.12262168e+006	
5.44081733e-001	-1.12239432e+006	
5.65007953e-001	-1.12146204e+006	
5.85934173e-001	-1.12168948e+006	
6.06860394e-001	-1.12199910e+006	
6.27786614e-001	-1.12180568e+006	
6.48712835e-001	-1.12262795e+006	
6.69639055e-001	-1.12574514e+006	
6.90565276e-001	-1.12946875e+006	
7.11491496e-001	-1.11122072e+006	
7.32417717e-001	-1.08404068e+006	
7.53343937e-001	-8.96445499e+005	
7.74270158e-001	-5.82690324e+005	
7.95196378e-001	-3.92606861e+005	
8.16122599e-001	-3.29908113e+005	
8.37048819e-001	-2.67209365e+005	
8.57975040e-001	-2.04510616e+005	
8.78901260e-001	-1.92474917e+005	
8.99827481e-001	-2.71903583e+005	
9.20753701e-001	-3.51332250e+005	
9.41679922e-001	-4.30760917e+005	
9.62606142e-001	-5.62904357e+005	
9.83532363e-001	-8.91725177e+005	
1.00445858e+000	-1.09812163e+006	
1.02538480e+000	-1.10382089e+006	
1.04631102e+000	-1.10991403e+006	
1.06723724e+000	-1.10729533e+006	
1.08816347e+000	-1.10467662e+006	
1.10908969e+000	-1.10419628e+006	
1.13001591e+000	-1.10455876e+006	
1.15094213e+000	-1.10482552e+006	
1.17186835e+000	-1.10506700e+006	
1.19279457e+000	-1.10431841e+006	
1.21372079e+000	-1.10448000e+006	
1.23464701e+000	-1.10567589e+006	
1.25557323e+000	-1.10651254e+006	
1.27649945e+000	-1.10734890e+006	
1.29742567e+000	-1.10824865e+006	
1.31835189e+000	-1.10860747e+006	
1.33927811e+000	-1.10940700e+006	
1.36020433e+000	-1.11111476e+006	
1.38113055e+000	-1.11245810e+006	
1.40205677e+000	-1.11386845e+006	
1.42298299e+000	-1.11572147e+006	
1.44390921e+000	-1.11685257e+006	
1.46483543e+000	-1.11979030e+006	
1.48576165e+000	-1.12392068e+006	
1.50668787e+000	-1.12724805e+006	
1.52761410e+000	-1.13129601e+006	
1.54854032e+000	-1.14008437e+006	
1.56946654e+000	-1.14822434e+006	
1.59039276e+000	-1.15030066e+006	
1.61131898e+000	-1.15237699e+006	
1.63224520e+000	-1.15338334e+006	
1.65317142e+000	-1.15435451e+006	
1.67409764e+000	-1.15444876e+006	
1.69502386e+000	-1.15443022e+006	
1.71595008e+000	-1.14892083e+006	
1.73687630e+000	-1.14207526e+006	
1.75780252e+000	-1.14496635e+006	
1.77872874e+000	-1.15159277e+006	
1.79965496e+000	-1.15373132e+006	
1.82058118e+000	-1.15334748e+006	
1.84150740e+000	-1.15245016e+006	
1.86243362e+000	-1.15114664e+006	
1.88335984e+000	-1.14991894e+006	
1.90428606e+000	-1.14877460e+006	
1.92521228e+000	-1.14713943e+006	
1.94613850e+000	-1.14379201e+006	
1.96706473e+000	-1.14053229e+006	
1.98799095e+000	-1.13746559e+006	
2.00891717e+000	-1.13411880e+006	
2.02984339e+000	-1.13022286e+006	
2.05076961e+000	-1.12799342e+006	
2.07169583e+000	-1.12576179e+006	
2.09262205e+000	-1.12267484e+006	
2.11354827e+000	-1.12052010e+006	
2.13447449e+000	-1.11954635e+006	
2.15540071e+000	-1.11769203e+006	
2.17632693e+000	-1.11704777e+006	
2.19725315e+000	-1.11594466e+006	
2.21817937e+000	-1.11494495e+006	
2.23910559e+000	-1.11387021e+006	
2.26003181e+000	-1.11311962e+006	
2.28095803e+000	-1.11225760e+006	
2.30188425e+000	-1.11149827e+006	
2.32281047e+000	-1.11146497e+006	
2.34373669e+000	-1.11185427e+006	
2.36466291e+000	-1.11190917e+006	
2.38558913e+000	-1.11198125e+006	
2.40651536e+000	-1.11332062e+006	
2.42744158e+000	-1.11572590e+006	
2.44836780e+000	-1.11444997e+006	
2.46929402e+000	-1.10953406e+006	
2.49022024e+000	-1.04013729e+006	
2.51114646e+000	-7.93082265e+005	
2.53207268e+000	-5.00078216e+005	
2.55299890e+000	-4.14998947e+005	
2.57392512e+000	-3.29919678e+005	
2.59485134e+000	-2.44840409e+005	
2.61577756e+000	-1.71693212e+005	
2.63670378e+000	-2.23968703e+005	
2.65763000e+000	-2.76244193e+005	
2.67855622e+000	-3.28519683e+005	
2.69948244e+000	-3.80795173e+005	
2.72040866e+000	-6.41750558e+005	
2.74133488e+000	-8.37780466e+005	
2.76226110e+000	-8.75141456e+005	
2.78318732e+000	-8.83952968e+005	
2.80411354e+000	-8.84650679e+005	
2.82503977e+000	-8.82001612e+005	
2.84596599e+000	-8.81004359e+005	
2.86689221e+000	-8.80830759e+005	
2.88781843e+000	-8.80677800e+005	
2.90874465e+000	-8.80529696e+005	
2.92967087e+000	-8.80365655e+005	
2.95059709e+000	-8.80194526e+005	
2.97152331e+000	-8.80230087e+005	
2.99244953e+000	-8.80062915e+005	
3.01337575e+000	-8.79939501e+005	
3.03430197e+000	-8.79776365e+005	
3.05522819e+000	-8.79586114e+005	
3.07615441e+000	-8.79461755e+005	
3.09708063e+000	-8.79393722e+005	
3.11800685e+000	-8.79319290e+005	
3.13893307e+000	-8.79194009e+005	
3.15985929e+000	-8.79141488e+005	
3.18078551e+000	-8.78946474e+005	
3.20171173e+000	-8.79009370e+005	
3.22263795e+000	-8.79118940e+005	
3.24356417e+000	-8.79266864e+005	
3.26449040e+000	-8.79417344e+005	
3.28541662e+000	-8.80172826e+005	
3.30634284e+000	-8.81031590e+005	
3.32726906e+000	-8.80910725e+005	
3.34819528e+000	-8.80901896e+005	
3.36912150e+000	-8.80887307e+005	
3.39004772e+000	-8.80870175e+005	
3.41097394e+000	-8.81062906e+005	
3.43190016e+000	-8.81390736e+005	
3.45282638e+000	-8.79602014e+005	
3.47375260e+000	-8.75909970e+005	
3.49467882e+000	-8.77092742e+005	
3.51560504e+000	-8.84399910e+005	
3.53653126e+000	-8.89424256e+005	
3.55745748e+000	-8.90432043e+005	
3.57838370e+000	-8.90860826e+005	
3.59930992e+000	-8.89805230e+005	
3.62023614e+000	-8.88797066e+005	
3.64116236e+000	-8.87980272e+005	
3.66208858e+000	-8.87527139e+005	
3.68301480e+000	-8.87037299e+005	
3.70394103e+000	-8.86546179e+005	
3.72486725e+000	-8.86019280e+005	
3.74579347e+000	-8.85492381e+005	
3.76671969e+000	-8.83650322e+005	
3.78764591e+000	-8.82075180e+005	
3.80857213e+000	-8.81271360e+005	
3.82949835e+000	-8.80213094e+005	
3.85042457e+000	-8.79319748e+005	
3.87135079e+000	-8.78823851e+005	
3.89227701e+000	-8.78148411e+005	
3.91320323e+000	-8.77433960e+005	
3.93412945e+000	-8.76852198e+005	
3.95505567e+000	-8.76190868e+005	
3.97598189e+000	-8.75546833e+005	
3.99690811e+000	-8.75013097e+005	
4.01783433e+000	-8.74246674e+005	
4.03876055e+000	-8.73725840e+005	
4.05968677e+000	-8.73332386e+005	
4.08061299e+000	-8.72960342e+005	
4.10153921e+000	-8.72567149e+005	
4.12246543e+000	-8.72114553e+005	
4.14339166e+000	-8.71611527e+005	
4.16431788e+000	-8.71024152e+005	
4.18524410e+000	-8.70031542e+005	
4.20617032e+000	-8.69892754e+005	
4.22709654e+000	-8.67182559e+005	
4.24802276e+000	-8.14287341e+005	
4.26894898e+000	-5.12099092e+005	
4.28987520e+000	-4.13693980e+005	
4.31080142e+000	-3.21743704e+005	
4.33172764e+000	-2.29793429e+005	
4.35265386e+000	-1.37843153e+005	
4.37358008e+000	-1.34716670e+005	
4.39450630e+000	-1.55374579e+005	
4.41543252e+000	-1.76032487e+005	
4.43635874e+000	-1.96690396e+005	
4.45728496e+000	-3.32110298e+005	
4.47821118e+000	-5.93503871e+005	
4.49913740e+000	-7.58338564e+005	
4.52006362e+000	-8.14867430e+005	
4.54098984e+000	-8.46200283e+005	
4.56191607e+000	-8.49206932e+005	
4.58284229e+000	-8.54743639e+005	
4.60376851e+000	-8.64315976e+005	
4.62469473e+000	-8.73220929e+005	
4.64562095e+000	-8.79973025e+005	
4.66654717e+000	-8.87520866e+005	
4.68747339e+000	-8.96661105e+005	
4.70839961e+000	-9.01854085e+005	
4.72932583e+000	-9.08627457e+005	
4.75025205e+000	-9.15638706e+005	
4.77117827e+000	-9.22876629e+005	
4.79210449e+000	-9.30061548e+005	
4.81303071e+000	-9.38819444e+005	
4.83395693e+000	-9.45955111e+005	
4.85488315e+000	-9.53633566e+005	
4.87580937e+000	-9.61031630e+005	
4.89673559e+000	-9.69191577e+005	
4.91766181e+000	-9.76979303e+005	
4.93858803e+000	-9.85214316e+005	
4.95951425e+000	-9.95911022e+005	
4.98044047e+000	-1.00440156e+006	
5.00136670e+000	-1.01124779e+006	
5.02229292e+000	-1.01069343e+006	
5.04321914e+000	-1.00470071e+006	
5.06414536e+000	-9.95807002e+005	
5.08507158e+000	-9.84291118e+005	
5.10599780e+000	-9.68167920e+005	
5.12692402e+000	-9.45482000e+005	
5.14785024e+000	-9.22610969e+005	
5.16877646e+000	-8.99366707e+005	
5.18970268e+000	-8.78260669e+005	
5.21062890e+000	-8.63618618e+005	
5.23155512e+000	-8.52761900e+005	
5.25248134e+000	-8.60418433e+005	
5.27340756e+000	-8.68607650e+005	
5.29433378e+000	-8.82540536e+005	
5.31526000e+000	-8.96478473e+005	
5.33618622e+000	-9.12359441e+005	
5.35711244e+000	-9.28240408e+005	
5.37803866e+000	-9.42644581e+005	
5.39896488e+000	-9.56921430e+005	
5.41989110e+000	-9.68734736e+005	
5.44081733e+000	-9.79982906e+005	
5.46174355e+000	-9.90409074e+005	
5.48266977e+000	-1.00057157e+006	
5.50359599e+000	-1.01766642e+006	
5.52452221e+000	-1.03327093e+006	
5.54544843e+000	-1.04410811e+006	
5.56637465e+000	-1.05967349e+006	
5.58730087e+000	-1.07931804e+006	
5.60822709e+000	-1.09355653e+006	
5.62915331e+000	-1.09548062e+006	
5.65007953e+000	-1.08697967e+006	
5.67100575e+000	-1.07805568e+006	
5.69193197e+000	-1.07306558e+006	
5.71285819e+000	-1.06323078e+006	
5.73378441e+000	-1.04669606e+006	
5.75471063e+000	-1.03169048e+006	
5.77563685e+000	-1.01589800e+006	
5.79656307e+000	-9.97344201e+005	
5.81748929e+000	-9.87434728e+005	
5.83841551e+000	-9.77477523e+005	
5.85934173e+000	-9.65110272e+005	
5.88026796e+000	-9.47643159e+005	
5.90119418e+000	-9.39821593e+005	
5.92212040e+000	-9.32650652e+005	
5.94304662e+000	-9.29963634e+005	
5.96397284e+000	-9.28574421e+005	
5.98489906e+000	-9.37953484e+005	
6.00582528e+000	-8.00382781e+005	
6.02675150e+000	-6.23110732e+005	
6.04767772e+000	-4.52589651e+005	
6.06860394e+000	-3.38760700e+005	
6.08953016e+000	-2.61211545e+005	
6.11045638e+000	-2.10904274e+005	
6.13138260e+000	-1.87346146e+005	
6.15230882e+000	-1.77708620e+005	
6.17323504e+000	-1.85377761e+005	
6.19416126e+000	-2.00671450e+005	
6.21508748e+000	-2.22486884e+005	
6.23601370e+000	-2.30293506e+005	
6.25693992e+000	-2.38689349e+005	
6.27786614e+000	-2.46063243e+005	
6.29879237e+000	-2.49101449e+005	
6.31971859e+000	-2.52252637e+005	
6.34064481e+000	-2.56275496e+005	
6.36157103e+000	-2.60520358e+005	
6.38249725e+000	-2.61744892e+005	
6.40342347e+000	-2.62969425e+005	
6.42434969e+000	-2.64690445e+005	
6.44527591e+000	-2.67961222e+005	
6.46620213e+000	-2.71388602e+005	
6.48712835e+000	-2.74362487e+005	
6.50805457e+000	-2.77503626e+005	
6.52898079e+000	-2.80254563e+005	
6.54990701e+000	-2.83429319e+005	
6.57083323e+000	-2.86310404e+005	
6.59175945e+000	-2.89132745e+005	
6.61268567e+000	-2.92237245e+005	
6.63361189e+000	-2.95218356e+005	
6.65453811e+000	-2.98404345e+005	
6.67546433e+000	-3.01537006e+005	
6.69639055e+000	-3.04841372e+005	
6.71731677e+000	-3.08697690e+005	
6.73824300e+000	-3.12090626e+005	
6.75916922e+000	-3.15313262e+005	
6.78009544e+000	-3.18136000e+005	
6.80102166e+000	-3.20628026e+005	
6.82194788e+000	-3.22562187e+005	
6.84287410e+000	-3.24660746e+005	
6.86380032e+000	-3.27815019e+005	
6.88472654e+000	-3.30934829e+005	
6.90565276e+000	-3.33437151e+005	
6.92657898e+000	-3.35939473e+005	
6.94750520e+000	-3.44493896e+005	
6.96843142e+000	-3.53230609e+005	
6.98935764e+000	-3.64329413e+005	
7.01028386e+000	-3.75914568e+005	
7.03121008e+000	-3.86394075e+005	
7.05213630e+000	-3.96609409e+005	
7.07306252e+000	-4.07330622e+005	
7.09398874e+000	-4.18243168e+005	
7.11491496e+000	-4.23562411e+005	
7.13584118e+000	-4.25777262e+005	
7.15676740e+000	-4.27854894e+005	
7.17769363e+000	-4.29582807e+005	
7.19861985e+000	-4.30898011e+005	
7.21954607e+000	-4.31764607e+005	
7.24047229e+000	-4.32850550e+005	
7.26139851e+000	-4.34850866e+005	
7.28232473e+000	-4.37812248e+005	
7.30325095e+000	-4.40518086e+005	
7.32417717e+000	-4.43108563e+005	
7.34510339e+000	-4.45752777e+005	
7.36602961e+000	-4.48109387e+005	
7.38695583e+000	-4.50819943e+005	
7.40788205e+000	-4.53315046e+005	
7.42880827e+000	-4.56338962e+005	
7.44973449e+000	-4.58957444e+005	
7.47066071e+000	-4.61936964e+005	
7.49158693e+000	-4.65037335e+005	
7.51251315e+000	-4.67540603e+005	
7.53343937e+000	-4.71243853e+005	
7.55436559e+000	-4.74229117e+005	
7.57529181e+000	-4.77023387e+005	
7.59621803e+000	-4.80933584e+005	
7.61714426e+000	-4.83377499e+005	
7.63807048e+000	-4.85167687e+005	
7.65899670e+000	-4.87029349e+005	
7.67992292e+000	-4.93047568e+005	
7.70084914e+000	-5.02672772e+005	
7.72177536e+000	-5.15484065e+005	
7.74270158e+000	-4.48423778e+005	
7.76362780e+000	-3.16610872e+005	
7.78455402e+000	-2.34261218e+005	
7.80548024e+000	-1.51911563e+005	
7.82640646e+000	-6.95619081e+004	
7.84733268e+000	1.77139302e+004	
7.86825890e+000	1.07356947e+005	
7.88918512e+000	1.96999964e+005	
7.91011134e+000	2.86642981e+005	
7.93103756e+000	3.85135962e+005	
7.95196378e+000	5.67968640e+005	
7.97289000e+000	5.55596771e+005	
7.99381622e+000	5.34858741e+005	
8.01474244e+000	5.14120712e+005	
8.03566867e+000	5.06737765e+005	
8.05659489e+000	4.99905518e+005	
8.07752111e+000	4.97011052e+005	
8.09844733e+000	4.93015828e+005	
8.11937355e+000	4.88821616e+005	
8.14029977e+000	4.84711910e+005	
8.16122599e+000	4.78533133e+005	
8.18215221e+000	4.72641791e+005	
8.20307843e+000	4.67088774e+005	
8.22400465e+000	4.61698050e+005	
8.24493087e+000	4.56970500e+005	
8.26585709e+000	4.52401951e+005	
8.28678331e+000	4.47708336e+005	
8.30770953e+000	4.42847787e+005	
8.32863575e+000	4.38353588e+005	
8.34956197e+000	4.33886277e+005	
8.37048819e+000	4.28952930e+005	
8.39141441e+000	4.24573316e+005	
8.41234063e+000	4.19649504e+005	
8.43326685e+000	4.15244459e+005	
8.45419307e+000	4.09983412e+005	
8.47511930e+000	4.05421653e+005	
8.49604552e+000	4.00867093e+005	
8.51697174e+000	3.96646732e+005	
8.53789796e+000	3.92426371e+005	
8.55882418e+000	3.89828596e+005	
8.57975040e+000	3.87453022e+005	
8.60067662e+000	3.83438135e+005	
8.62160284e+000	3.79149558e+005	
8.64252906e+000	3.75406819e+005	
8.66345528e+000	3.71822564e+005	
8.68438150e+000	3.67058866e+005	
8.70530772e+000	3.61773025e+005	
8.72623394e+000	3.59716739e+005	
8.74716016e+000	3.59644312e+005	
8.76808638e+000	3.57954142e+005	
8.78901260e+000	3.54823666e+005	
8.80993882e+000	3.50098893e+005	
8.83086504e+000	3.43403835e+005	
8.85179126e+000	3.37996522e+005	
8.87271748e+000	3.34826770e+005	
8.89364370e+000	3.31434791e+005	
8.91456993e+000	3.26906847e+005	
8.93549615e+000	3.22286818e+005	
8.95642237e+000	3.17301145e+005	
8.97734859e+000	3.12210153e+005	
8.99827481e+000	3.06459174e+005	
9.01920103e+000	3.02036343e+005	
9.04012725e+000	2.96830820e+005	
9.06105347e+000	2.92344610e+005	
9.08197969e+000	2.86718411e+005	
9.10290591e+000	2.82125189e+005	
9.12383213e+000	2.77226781e+005	
9.14475835e+000	2.71968052e+005	
9.16568457e+000	2.66546806e+005	
9.18661079e+000	2.60810043e+005	
9.20753701e+000	2.55532471e+005	
9.22846323e+000	2.49986108e+005	
9.24938945e+000	2.44731718e+005	
9.27031567e+000	2.38597054e+005	
9.29124189e+000	2.32611573e+005	
9.31216811e+000	2.27460941e+005	
9.33309433e+000	2.20474210e+005	
9.35402056e+000	2.13341266e+005	
9.37494678e+000	2.09349427e+005	
9.39587300e+000	2.06078599e+005	
9.41679922e+000	2.01351691e+005	
9.43772544e+000	1.93259438e+005	
9.45865166e+000	1.83967945e+005	
9.47957788e+000	1.69864259e+005	
9.50050410e+000	1.58925799e+005	
9.52143032e+000	1.83097515e+005	
9.54235654e+000	2.07269231e+005	
9.56328276e+000	2.31440947e+005	
9.58420898e+000	2.55612663e+005	
9.60513520e+000	3.69971335e+005	
9.62606142e+000	4.84214981e+005	
9.64698764e+000	5.98458628e+005	
9.66791386e+000	7.12702274e+005	
9.68884008e+000	9.62508164e+005	
9.70976630e+000	1.04087696e+006	
9.73069252e+000	1.01778447e+006	
9.75161874e+000	9.79735250e+005	
9.77254497e+000	9.58000182e+005	
9.79347119e+000	9.43645670e+005	
9.81439741e+000	9.39361329e+005	
9.83532363e+000	9.50251857e+005	
9.85624985e+000	9.63111574e+005	
9.87717607e+000	9.70817106e+005	
9.89810229e+000	9.74620249e+005	
9.91902851e+000	9.73326848e+005	
9.93995473e+000	9.74354887e+005	
9.96088095e+000	9.76525320e+005	
9.98180717e+000	9.78893960e+005	
1.00027334e+001	9.80977554e+005	
1.00236596e+001	9.83314433e+005	
1.00445858e+001	9.86056046e+005	
1.00655121e+001	9.89766226e+005	
1.00864383e+001	9.93031763e+005	
1.01073645e+001	9.96760758e+005	
1.01282907e+001	1.00155923e+006	
1.01492169e+001	1.00660192e+006	
1.01701432e+001	1.01314570e+006	
1.01910694e+001	1.01753250e+006	
1.02119956e+001	1.02121572e+006	
1.02329218e+001	1.02482549e+006	
1.02538480e+001	1.03212122e+006	
1.02747743e+001	1.04069156e+006	
1.02957005e+001	1.04502364e+006	
1.03166267e+001	1.04772853e+006	
1.03375529e+001	1.04100423e+006	
1.03584791e+001	1.02742793e+006	
1.03794054e+001	1.01007264e+006	
1.04003316e+001	9.88896628e+005	
1.04212578e+001	9.63921366e+005	
1.04421840e+001	9.33598019e+005	
1.04631102e+001	9.11368703e+005	
1.04840365e+001	9.04350980e+005	
1.05049627e+001	8.99394652e+005	
1.05258889e+001	9.00573352e+005	
1.05468151e+001	9.01617494e+005	
1.05677413e+001	9.02001857e+005	
1.05886676e+001	9.02349081e+005	
1.06095938e+001	9.02309305e+005	
1.06305200e+001	9.02608853e+005	
1.06514462e+001	9.02527589e+005	
1.06723724e+001	9.02446325e+005	
1.06932987e+001	9.02440563e+005	
1.07142249e+001	9.02441052e+005	
1.07351511e+001	9.02486598e+005	
1.07560773e+001	9.02562403e+005	
1.07770035e+001	9.02622527e+005	
1.07979298e+001	9.02670838e+005	
1.08188560e+001	9.02783038e+005	
1.08397822e+001	9.02639573e+005	
1.08607084e+001	9.01914213e+005	
1.08816347e+001	9.00728882e+005	
1.09025609e+001	8.99784261e+005	
1.09234871e+001	8.99249101e+005	
1.09444133e+001	8.98796747e+005	
1.09653395e+001	8.97944510e+005	
1.09862658e+001	8.95676198e+005	
1.10071920e+001	8.92340256e+005	
1.10281182e+001	8.89056427e+005	
1.10490444e+001	8.86791189e+005	
1.10699706e+001	8.84386949e+005	
1.10908969e+001	8.81845565e+005	
1.11118231e+001	8.78714627e+005	
1.11327493e+001	8.46675553e+005	
1.11536755e+001	8.11923201e+005	
1.11746017e+001	5.98581090e+005	
1.11955280e+001	3.85238978e+005	
1.12164542e+001	1.81313954e+005	
1.12373804e+001	1.11332907e+005	
1.12583066e+001	9.70662352e+004	
1.12792328e+001	8.95300125e+004	
1.13001591e+001	8.19937897e+004	
1.13210853e+001	7.44575670e+004	
1.13420115e+001	1.03970025e+005	
1.13629377e+001	1.47097007e+005	
1.13838639e+001	2.84156937e+005	
1.14047902e+001	4.80652783e+005	
1.14257164e+001	6.96277905e+005	
1.14466426e+001	8.25352696e+005	
1.14675688e+001	8.39208830e+005	
1.14884950e+001	8.43936835e+005	
1.15094213e+001	8.47927766e+005	
1.15303475e+001	8.49511252e+005	
1.15512737e+001	8.50853778e+005	
1.15721999e+001	8.51644857e+005	
1.15931261e+001	8.52558483e+005	
1.16140524e+001	8.53297252e+005	
1.16349786e+001	8.54059453e+005	
1.16559048e+001	8.55005926e+005	
1.16768310e+001	8.56299149e+005	
1.16977572e+001	8.57062712e+005	
1.17186835e+001	8.58109879e+005	
1.17396097e+001	8.59280660e+005	
1.17605359e+001	8.60092013e+005	
1.17814621e+001	8.61123190e+005	
1.18023884e+001	8.62354963e+005	
1.18233146e+001	8.63358028e+005	
1.18442408e+001	8.64620043e+005	
1.18651670e+001	8.65971414e+005	
1.18860932e+001	8.67292898e+005	
1.19070195e+001	8.69612804e+005	
1.19279457e+001	8.72269332e+005	
1.19488719e+001	8.73601109e+005	
1.19697981e+001	8.73999757e+005	
1.19907243e+001	8.74948425e+005	
1.20116506e+001	8.76529200e+005	
1.20325768e+001	8.77878400e+005	
1.20535030e+001	8.79697263e+005	
1.20744292e+001	8.81454525e+005	
1.20953554e+001	8.83069089e+005	
1.21162817e+001	8.83811467e+005	
1.21372079e+001	8.81450547e+005	
1.21581341e+001	8.78130405e+005	
1.21790603e+001	8.68799894e+005	
1.21999865e+001	8.60107216e+005	
1.22209128e+001	8.60729081e+005	
1.22418390e+001	8.61350946e+005	
1.22627652e+001	8.61176794e+005	
1.22836914e+001	8.60980564e+005	
1.23046176e+001	8.61487932e+005	
1.23255439e+001	8.62080782e+005	
1.23464701e+001	8.62700700e+005	
1.23673963e+001	8.63326959e+005	
1.23883225e+001	8.64203863e+005	
1.24092487e+001	8.64750041e+005	
1.24301750e+001	8.65272091e+005	
1.24511012e+001	8.65780947e+005	
1.24720274e+001	8.66412083e+005	
1.24929536e+001	8.66988580e+005	
1.25138798e+001	8.67545798e+005	
1.25348061e+001	8.68164716e+005	
1.25557323e+001	8.68735293e+005	
1.25766585e+001	8.69322315e+005	
1.25975847e+001	8.69988263e+005	
1.26185110e+001	8.70483833e+005	
1.26394372e+001	8.71067825e+005	
1.26603634e+001	8.71775061e+005	
1.26812896e+001	8.72257888e+005	
1.27022158e+001	8.72866550e+005	
1.27231421e+001	8.73367839e+005	
1.27440683e+001	8.73865680e+005	
1.27649945e+001	8.74623704e+005	
1.27859207e+001	8.75141121e+005	
1.28068469e+001	8.75656183e+005	
1.28277732e+001	8.76344753e+005	
1.28486994e+001	8.77474480e+005	
1.28696256e+001	8.80796922e+005	
1.28905518e+001	8.84566566e+005	
1.29114780e+001	8.56649780e+005	
1.29324043e+001	8.18574821e+005	
1.29533305e+001	6.35144873e+005	
1.29742567e+001	3.98900361e+005	
1.29951829e+001	2.86872996e+005	
1.30161091e+001	2.55273115e+005	
1.30370354e+001	2.23673235e+005	
1.30579616e+001	1.92073354e+005	
1.30788878e+001	2.18913096e+005	
1.30998140e+001	3.27841668e+005	
1.31207402e+001	4.36770239e+005	
1.31416665e+001	5.45698811e+005	
1.31625927e+001	7.14108299e+005	
1.31835189e+001	1.00522028e+006	
1.32044451e+001	1.08266850e+006	
1.32253713e+001	1.08091714e+006	
1.32462976e+001	1.07992454e+006	
1.32672238e+001	1.07996741e+006	
1.32881500e+001	1.08000918e+006	
1.33090762e+001	1.07989790e+006	
1.33300024e+001	1.08082414e+006	
1.33509287e+001	1.08159012e+006	
1.33718549e+001	1.08234007e+006	
1.33927811e+001	1.08193044e+006	
1.34137073e+001	1.08283970e+006	
1.34346335e+001	1.08461156e+006	
1.34555598e+001	1.08604208e+006	
1.34764860e+001	1.08779806e+006	
1.34974122e+001	1.08938500e+006	
1.35183384e+001	1.09043340e+006	
1.35392647e+001	1.09229058e+006	
1.35601909e+001	1.09469406e+006	
1.35811171e+001	1.09678155e+006	
1.36020433e+001	1.09948941e+006	
1.36229695e+001	1.10233485e+006	
1.36438958e+001	1.10613285e+006	
1.36648220e+001	1.11464676e+006	
1.36857482e+001	1.12233310e+006	
1.37066744e+001	1.12410080e+006	
1.37276006e+001	1.12682270e+006	
1.37485269e+001	1.13367947e+006	
1.37694531e+001	1.14011632e+006	
1.37903793e+001	1.14553248e+006	
1.38113055e+001	1.15091026e+006	
1.38322317e+001	1.15470454e+006	
1.38531580e+001	1.15849881e+006	
1.38740842e+001	1.15820193e+006	
1.38950104e+001	1.15765147e+006	
1.39159366e+001	1.14988225e+006	
1.39368628e+001	1.14093631e+006	
1.39577891e+001	1.14283730e+006	
1.39787153e+001	1.14779873e+006	
1.39996415e+001	1.14871604e+006	
1.40205677e+001	1.14786471e+006	
1.40414939e+001	1.14718799e+006	
1.40624202e+001	1.14662106e+006	
1.40833464e+001	1.14608562e+006	
1.41042726e+001	1.14557787e+006	
1.41251988e+001	1.14472620e+006	
1.41461250e+001	1.14258300e+006	
1.41670513e+001	1.14044349e+006	
1.41879775e+001	1.13831032e+006	
1.42089037e+001	1.13597869e+006	
1.42298299e+001	1.13351646e+006	
1.42507561e+001	1.13215509e+006	
1.42716824e+001	1.13064235e+006	
1.42926086e+001	1.12886876e+006	
1.43135348e+001	1.12751896e+006	
1.43344610e+001	1.12679970e+006	
1.43553873e+001	1.12557617e+006	
1.43763135e+001	1.12524922e+006	
1.43972397e+001	1.12444419e+006	
1.44181659e+001	1.12380105e+006	
1.44390921e+001	1.12310604e+006	
1.44600184e+001	1.12310576e+006	
1.44809446e+001	1.12295055e+006	
1.45018708e+001	1.12256211e+006	
1.45227970e+001	1.12253036e+006	
1.45437232e+001	1.12270799e+006	
1.45646495e+001	1.12271995e+006	
1.45855757e+001	1.12300110e+006	
1.46065019e+001	1.12520692e+006	
1.46274281e+001	1.12878673e+006	
1.46483543e+001	1.12287073e+006	
1.46692806e+001	1.10759120e+006	
1.46902068e+001	9.91941455e+005	
1.47111330e+001	6.98670669e+005	
1.47320592e+001	4.49140806e+005	
1.47529854e+001	3.75458393e+005	
1.47739117e+001	3.01775981e+005	
1.47948379e+001	2.28093569e+005	
1.48157641e+001	1.77298348e+005	
1.48366903e+001	2.60302388e+005	
1.48576165e+001	3.43306429e+005	
1.48785428e+001	4.26310469e+005	
1.48994690e+001	5.09314510e+005	
1.49203952e+001	8.48336082e+005	
1.49413214e+001	1.06658835e+006	
1.49622476e+001	1.09307720e+006	
1.49831739e+001	1.09768720e+006	
1.50041001e+001	1.09760032e+006	
1.50250263e+001	1.09561313e+006	
1.50459525e+001	1.09525690e+006	
1.50668787e+001	1.09503263e+006	
1.50878050e+001	1.09512100e+006	
1.51087312e+001	1.09549684e+006	
1.51296574e+001	1.09621533e+006	
1.51505836e+001	1.09648415e+006	
1.51715098e+001	1.09633984e+006	
1.51924361e+001	1.09687750e+006	
1.52133623e+001	1.09856765e+006	
1.52342885e+001	1.10026324e+006	
1.52552147e+001	1.10169410e+006	
1.52761410e+001	1.10287065e+006	
1.52970672e+001	1.10545186e+006	
1.53179934e+001	1.10789091e+006	
1.53389196e+001	1.10980716e+006	
1.53598458e+001	1.11309037e+006	
1.53807721e+001	1.11445498e+006	
1.54016983e+001	1.11789926e+006	
1.54226245e+001	1.12402624e+006	
1.54435507e+001	1.12917762e+006	
1.54644769e+001	1.13432090e+006	
1.54854032e+001	1.14828941e+006	
1.55063294e+001	1.16313360e+006	
1.55272556e+001	1.16823215e+006	
1.55481818e+001	1.17158931e+006	
1.55691080e+001	1.17338147e+006	
1.55900343e+001	1.17464059e+006	
1.56109605e+001	1.17529037e+006	
1.56318867e+001	1.17563151e+006	
1.56528129e+001	1.17181320e+006	
1.56737391e+001	1.16500830e+006	
1.56946654e+001	1.16507345e+006	
1.57155916e+001	1.17198780e+006	
1.57365178e+001	1.17579819e+006	
1.57574440e+001	1.17528628e+006	
1.57783702e+001	1.17440590e+006	
1.57992965e+001	1.17279768e+006	
1.58202227e+001	1.17121246e+006	
1.58411489e+001	1.16969477e+006	
1.58620751e+001	1.16808902e+006	
1.58830013e+001	1.16385812e+006	
1.59039276e+001	1.15965883e+006	
1.59248538e+001	1.15577835e+006	
1.59457800e+001	1.15188476e+006	
1.59667062e+001	1.14643802e+006	
1.59876324e+001	1.14350093e+006	
1.60085587e+001	1.14054547e+006	
1.60294849e+001	1.13656026e+006	
1.60504111e+001	1.13361531e+006	
1.60713373e+001	1.13158847e+006	
1.60922636e+001	1.12909179e+006	
1.61131898e+001	1.12737315e+006	
1.61341160e+001	1.12539059e+006	
1.61550422e+001	1.12333563e+006	
1.61759684e+001	1.12144373e+006	
1.61968947e+001	1.12011776e+006	
1.62178209e+001	1.11901864e+006	
1.62387471e+001	1.11796501e+006	
1.62596733e+001	1.11722873e+006	
1.62805995e+001	1.11732129e+006	
1.63015258e+001	1.11714792e+006	
1.63224520e+001	1.11691237e+006	
1.63433782e+001	1.11797532e+006	
1.63643044e+001	1.12000452e+006	
1.63852306e+001	1.12008117e+006	
1.64061569e+001	1.11528987e+006	
1.64270831e+001	1.08983107e+006	
1.64480093e+001	8.80383890e+005	
1.64689355e+001	5.17372622e+005	
1.64898617e+001	4.34918501e+005	
1.65107880e+001	3.52464380e+005	
1.65317142e+001	2.70010259e+005	
1.65526404e+001	1.87556138e+005	
1.65735666e+001	2.62744954e+005	
1.65944928e+001	3.64503144e+005	
1.66154191e+001	4.66261335e+005	
1.66363453e+001	5.68019525e+005	
1.66572715e+001	7.97815150e+005	
1.66781977e+001	1.01465504e+006	
1.66991239e+001	1.08860576e+006	
1.67200502e+001	1.09567269e+006	
1.67409764e+001	1.10050715e+006	
1.67619026e+001	1.10235572e+006	
1.67828288e+001	1.10359085e+006	
1.68037550e+001	1.10380612e+006	
1.68246813e+001	1.10365253e+006	
1.68456075e+001	1.10354192e+006	
1.68665337e+001	1.10297867e+006	
1.68874599e+001	1.10176766e+006	
1.69083861e+001	1.10240048e+006	
1.69293124e+001	1.10313998e+006	
1.69502386e+001	1.10363543e+006	
1.69711648e+001	1.10406043e+006	
1.69920910e+001	1.10428455e+006	
1.70130173e+001	1.10391472e+006	
1.70339435e+001	1.10495124e+006	
1.70548697e+001	1.10630935e+006	
1.70757959e+001	1.10716807e+006	
1.70967221e+001	1.10876449e+006	
1.71176484e+001	1.10926720e+006	
1.71385746e+001	1.11207726e+006	
1.71595008e+001	1.11600946e+006	
1.71804270e+001	1.11831313e+006	
1.72013532e+001	1.11990326e+006	
1.72222795e+001	1.12601810e+006	
1.72432057e+001	1.13476821e+006	
1.72641319e+001	1.13952015e+006	
1.72850581e+001	1.14159376e+006	
1.73059843e+001	1.14309661e+006	
1.73269106e+001	1.14395119e+006	
1.73478368e+001	1.14439084e+006	
1.73687630e+001	1.14417056e+006	
1.73896892e+001	1.14248928e+006	
1.74106154e+001	1.13746850e+006	
1.74315417e+001	1.13595369e+006	
1.74524679e+001	1.14684065e+006	
1.74733941e+001	1.15634804e+006	
1.74943203e+001	1.15739474e+006	
1.75152465e+001	1.15821822e+006	
1.75361728e+001	1.15543989e+006	
1.75570990e+001	1.15266155e+006	
1.75780252e+001	1.14995293e+006	
1.75989514e+001	1.14724603e+006	
1.76198776e+001	1.14560738e+006	
1.76408039e+001	1.14365728e+006	
1.76617301e+001	1.14168459e+006	
1.76826563e+001	1.13970668e+006	
1.77035825e+001	1.13427133e+006	
1.77245087e+001	1.12853882e+006	
1.77454350e+001	1.12501017e+006	
1.77663612e+001	1.12158610e+006	
1.77872874e+001	1.11814949e+006	
1.78082136e+001	1.11605623e+006	
1.78291399e+001	1.11412205e+006	
1.78500661e+001	1.11197898e+006	
1.78709923e+001	1.11045109e+006	
1.78919185e+001	1.10862357e+006	
1.79128447e+001	1.10666261e+006	
1.79337710e+001	1.10521667e+006	
1.79546972e+001	1.10390504e+006	
1.79756234e+001	1.10255055e+006	
1.79965496e+001	1.10130192e+006	
1.80174758e+001	1.10117732e+006	
1.80384021e+001	1.10100038e+006	
1.80593283e+001	1.10018938e+006	
1.80802545e+001	1.09971282e+006	
1.81011807e+001	1.09963423e+006	
1.81221069e+001	1.09955840e+006	
1.81430332e+001	1.10096275e+006	
1.81639594e+001	1.10318527e+006	
1.81848856e+001	1.02911505e+006	
1.82058118e+001	7.18532418e+005	
1.82267380e+001	5.45337664e+005	
1.82476643e+001	4.38733284e+005	
1.82685905e+001	3.32128904e+005	
1.82895167e+001	2.25524523e+005	
1.83104429e+001	2.01448121e+005	
1.83313691e+001	2.35240068e+005	
1.83522954e+001	2.69032016e+005	
1.83732216e+001	3.02823963e+005	
1.83941478e+001	4.18545247e+005	
1.84150740e+001	6.55450033e+005	
1.84360002e+001	8.33021360e+005	
1.84569265e+001	8.68894980e+005	
1.84778527e+001	8.95221710e+005	
1.84987789e+001	8.91627522e+005	
1.85197051e+001	8.88446847e+005	
1.85406313e+001	8.87295640e+005	
1.85615576e+001	8.86570143e+005	
1.85824838e+001	8.86055241e+005	
1.86034100e+001	8.85537812e+005	
1.86243362e+001	8.84762419e+005	
1.86452624e+001	8.84261851e+005	
1.86661887e+001	8.83762196e+005	
1.86871149e+001	8.83139257e+005	
1.87080411e+001	8.82635911e+005	
1.87289673e+001	8.81886641e+005	
1.87498936e+001	8.81240974e+005	
1.87708198e+001	8.80761715e+005	
1.87917460e+001	8.80167245e+005	
1.88126722e+001	8.79608523e+005	
1.88335984e+001	8.79076482e+005	
1.88545247e+001	8.78492596e+005	
1.88754509e+001	8.77983079e+005	
1.88963771e+001	8.77511603e+005	
1.89173033e+001	8.76998679e+005	
1.89382295e+001	8.76591280e+005	
1.89591558e+001	8.76318945e+005	
1.89800820e+001	8.76292842e+005	
1.90010082e+001	8.75823032e+005	
1.90219344e+001	8.75297011e+005	
1.90428606e+001	8.74755915e+005	
1.90637869e+001	8.74150797e+005	
1.90847131e+001	8.73632975e+005	
1.91056393e+001	8.73833662e+005	
1.91265655e+001	8.74011462e+005	
1.91474917e+001	8.73363766e+005	
1.91684180e+001	8.72716069e+005	
1.91893442e+001	8.81425484e+005	
1.92102704e+001	8.90776818e+005	
1.92311966e+001	8.94147848e+005	
1.92521228e+001	8.96564442e+005	
1.92730491e+001	8.95887738e+005	
1.92939753e+001	8.94341666e+005	
1.93149015e+001	8.92919638e+005	
1.93358277e+001	8.91551103e+005	
1.93567539e+001	8.90901885e+005	
1.93776802e+001	8.90145834e+005	
1.93986064e+001	8.89528449e+005	
1.94195326e+001	8.89031731e+005	
1.94404588e+001	8.87845894e+005	
1.94613850e+001	8.85654985e+005	
1.94823113e+001	8.83601797e+005	
1.95032375e+001	8.82194487e+005	
1.95241637e+001	8.80802426e+005	
1.95450899e+001	8.79488036e+005	
1.95660162e+001	8.78704939e+005	
1.95869424e+001	8.77482274e+005	
1.96078686e+001	8.76249955e+005	
1.96287948e+001	8.75448260e+005	
1.96497210e+001	8.74235962e+005	
1.96706473e+001	8.73141264e+005	
1.96915735e+001	8.72386333e+005	
1.97124997e+001	8.71069429e+005	
1.97334259e+001	8.70029505e+005	
1.97543521e+001	8.69247345e+005	
1.97752784e+001	8.68499571e+005	
1.97962046e+001	8.67573758e+005	
1.98171308e+001	8.66753398e+005	
1.98380570e+001	8.65458089e+005	
1.98589832e+001	8.63954358e+005	
1.98799095e+001	8.60288571e+005	
1.99008357e+001	8.56048375e+005	
1.99217619e+001	8.41376817e+005	
1.99426881e+001	7.09827619e+005	
1.99636143e+001	4.92279810e+005	
1.99845406e+001	2.95130839e+005	
2.00054668e+001	1.57825788e+005	
2.00263930e+001	1.15098321e+005	
2.00473192e+001	8.75054395e+004	
2.00682454e+001	9.86287472e+004	
2.00891717e+001	1.09752055e+005	
2.01100979e+001	1.20875363e+005	
2.01310241e+001	1.39422013e+005	
2.01519503e+001	2.16404624e+005	
2.01728765e+001	4.14490449e+005	
2.01938028e+001	6.23978136e+005	
2.02147290e+001	8.33465823e+005	
2.02356552e+001	8.67349581e+005	
2.02565814e+001	8.98540649e+005	
2.02775076e+001	9.01263771e+005	
2.02984339e+001	9.03244098e+005	
2.03193601e+001	9.05167340e+005	
2.03402863e+001	9.06977821e+005	
2.03612125e+001	9.09488420e+005	
2.03821387e+001	9.12009486e+005	
2.04030650e+001	9.13819261e+005	
2.04239912e+001	9.14668401e+005	
2.04449174e+001	9.15313401e+005	
2.04658436e+001	9.15688246e+005	
2.04867699e+001	9.15643326e+005	
2.05076961e+001	9.15438192e+005	
2.05286223e+001	9.15356738e+005	
2.05495485e+001	9.15486860e+005	
2.05704747e+001	9.15660984e+005	
2.05914010e+001	9.15711677e+005	
2.06123272e+001	9.15319379e+005	
2.06332534e+001	9.14668917e+005	
2.06541796e+001	9.14034405e+005	
2.06751058e+001	9.13497645e+005	
2.06960321e+001	9.12979904e+005	
2.07169583e+001	9.12691961e+005	
2.07378845e+001	9.12404018e+005	
2.07588107e+001	9.11903473e+005	
2.07797369e+001	9.11746704e+005	
2.08006632e+001	9.11380441e+005	
2.08215894e+001	9.10994065e+005	
2.08425156e+001	9.09140648e+005	
2.08634418e+001	9.06987934e+005	
2.08843680e+001	9.09815465e+005	
2.09052943e+001	9.14316484e+005	
2.09262205e+001	9.37663043e+005	
2.09471467e+001	9.70926400e+005	
2.09680729e+001	9.99103201e+005	
2.09889991e+001	1.02366495e+006	
2.10099254e+001	1.04394035e+006	
2.10308516e+001	1.05997793e+006	
2.10517778e+001	1.06903191e+006	
2.10727040e+001	1.06847453e+006	
2.10936302e+001	1.06634528e+006	
2.11145565e+001	1.05992770e+006	
2.11354827e+001	1.05376225e+006	
2.11564089e+001	1.04832597e+006	
2.11773351e+001	1.04248067e+006	
2.11982613e+001	1.03495890e+006	
2.12191876e+001	1.02871059e+006	
2.12401138e+001	1.01920368e+006	
2.12610400e+001	1.01229179e+006	
2.12819662e+001	1.00895003e+006	
2.13028925e+001	1.00656645e+006	
2.13238187e+001	1.00403098e+006	
2.13447449e+001	1.00043382e+006	
2.13656711e+001	9.98078937e+005	
2.13865973e+001	9.96233750e+005	
2.14075236e+001	9.94445958e+005	
2.14284498e+001	9.93815715e+005	
2.14493760e+001	9.93285977e+005	
2.14703022e+001	9.92702288e+005	
2.14912284e+001	9.89625247e+005	
2.15121547e+001	9.85014255e+005	
2.15330809e+001	9.70082041e+005	
2.15540071e+001	9.44961670e+005	
2.15749333e+001	9.28085733e+005	
2.15958595e+001	9.22709230e+005	
2.16167858e+001	9.21031963e+005	
2.16377120e+001	9.27596121e+005	
2.16586382e+001	9.21364956e+005	
2.16795644e+001	8.40369194e+005	
2.17004906e+001	6.48205009e+005	
2.17214169e+001	5.54156622e+005	
2.17423431e+001	4.60108236e+005	
2.17632693e+001	3.66059849e+005	
2.17841955e+001	2.70943628e+005	
2.18051217e+001	2.17839787e+005	
2.18260480e+001	1.64735945e+005	
2.18469742e+001	1.66785580e+005	
2.18679004e+001	1.71995637e+005	
2.18888266e+001	1.97139577e+005	
2.19097528e+001	2.09220714e+005	
2.19306791e+001	2.15540503e+005	
2.19516053e+001	2.21226144e+005	
2.19725315e+001	2.26171210e+005	
2.19934577e+001	2.30740113e+005	
2.20143839e+001	2.36867916e+005	
2.20353102e+001	2.43811772e+005	
2.20562364e+001	2.49328799e+005	
2.20771626e+001	2.53704516e+005	
2.20980888e+001	2.59039732e+005	
2.21190150e+001	2.65324526e+005	
2.21399413e+001	2.70869525e+005	
2.21608675e+001	2.75964541e+005	
2.21817937e+001	2.81710431e+005	
2.22027199e+001	2.87089273e+005	
2.22236462e+001	2.91917537e+005	
2.22445724e+001	2.97241707e+005	
2.22654986e+001	3.01012708e+005	
2.22864248e+001	3.04966531e+005	
2.23073510e+001	3.08753825e+005	
2.23282773e+001	3.12501755e+005	
2.23492035e+001	3.16753895e+005	
2.23701297e+001	3.20691592e+005	
2.23910559e+001	3.26711907e+005	
2.24119821e+001	3.29727523e+005	
2.24329084e+001	3.32311224e+005	
2.24538346e+001	3.35440665e+005	
2.24747608e+001	3.38707856e+005	
2.24956870e+001	3.42181594e+005	
2.25166132e+001	3.46020804e+005	
2.25375395e+001	3.49445604e+005	
2.25584657e+001	3.52631992e+005	
2.25793919e+001	3.57983533e+005	
2.26003181e+001	3.65086797e+005	
2.26212443e+001	3.70479493e+005	
2.26421706e+001	3.73949816e+005	
2.26630968e+001	3.79479768e+005	
2.26840230e+001	3.88376267e+005	
2.27049492e+001	3.97377416e+005	
2.27258754e+001	4.06612503e+005	
2.27468017e+001	4.14357785e+005	
2.27677279e+001	4.16972458e+005	
2.27886541e+001	4.19617245e+005	
2.28095803e+001	4.22442466e+005	
2.28305065e+001	4.25314440e+005	
2.28514328e+001	4.26980174e+005	
2.28723590e+001	4.28645909e+005	
2.28932852e+001	4.30726447e+005	
2.29142114e+001	4.32815886e+005	
2.29351376e+001	4.36210763e+005	
2.29560639e+001	4.39154008e+005	
2.29769901e+001	4.42389529e+005	
2.29979163e+001	4.45192996e+005	
2.30188425e+001	4.48359658e+005	
2.30397688e+001	4.51260649e+005	
2.30606950e+001	4.54338896e+005	
2.30816212e+001	4.57839498e+005	
2.31025474e+001	4.61288435e+005	
2.31234736e+001	4.64832028e+005	
2.31443999e+001	4.68120795e+005	
2.31653261e+001	4.70850403e+005	
2.31862523e+001	4.73396223e+005	
2.32071785e+001	4.77497682e+005	
2.32281047e+001	4.83448847e+005	
2.32490310e+001	4.88307947e+005	
2.32699572e+001	4.93949315e+005	
2.32908834e+001	5.00596991e+005	
2.33118096e+001	5.00441851e+005	
2.33327358e+001	4.94835231e+005	
2.33536621e+001	4.90147303e+005	
2.33745883e+001	4.98903306e+005	
2.33955145e+001	5.07659309e+005	
2.34164407e+001	5.45245948e+005	
2.34373669e+001	3.90393338e+005	
2.34582932e+001	3.04135791e+005	
2.34792194e+001	2.25235350e+005	
2.35001456e+001	1.46334910e+005	
2.35210718e+001	6.74344698e+004	
2.35419980e+001	-1.63810176e+004	
2.35629243e+001	-9.87212085e+004	
2.35838505e+001	-2.06118629e+005	
2.36047767e+001	-3.25970198e+005	
2.36257029e+001	-4.59845971e+005	
2.36466291e+001	-5.20446807e+005	
2.36675554e+001	-5.06589581e+005	
2.36884816e+001	-4.87700767e+005	
2.37094078e+001	-4.76400346e+005	
2.37303340e+001	-4.74535274e+005	
2.37512602e+001	-4.72866015e+005	
2.37721865e+001	-4.71763314e+005	
2.37931127e+001	-4.70903489e+005	
2.38140389e+001	-4.69485631e+005	
2.38349651e+001	-4.67049165e+005	
2.38558913e+001	-4.59925503e+005	
2.38768176e+001	-4.53603031e+005	
2.38977438e+001	-4.49053115e+005	
2.39186700e+001	-4.43633093e+005	
2.39395962e+001	-4.39492221e+005	
2.39605225e+001	-4.34594296e+005	
2.39814487e+001	-4.29792415e+005	
2.40023749e+001	-4.25906463e+005	
2.40233011e+001	-4.21373035e+005	
2.40442273e+001	-4.17556143e+005	
2.40651536e+001	-4.13420342e+005	
2.40860798e+001	-4.09592160e+005	
2.41070060e+001	-4.05841271e+005	
2.41279322e+001	-4.01177013e+005	
2.41488584e+001	-3.96918780e+005	
2.41697847e+001	-3.93244385e+005	
2.41907109e+001	-3.90217484e+005	
2.42116371e+001	-3.87786217e+005	
2.42325633e+001	-3.85287632e+005	
2.42534895e+001	-3.82995463e+005	
2.42744158e+001	-3.80214005e+005	
2.42953420e+001	-3.76551191e+005	
2.43162682e+001	-3.72605527e+005	
2.43371944e+001	-3.67913787e+005	
2.43581206e+001	-3.62589728e+005	
2.43790469e+001	-3.54624482e+005	
2.43999731e+001	-3.47498427e+005	
2.44208993e+001	-3.46639796e+005	
2.44418255e+001	-3.45661491e+005	
2.44627517e+001	-3.40685241e+005	
2.44836780e+001	-3.35708991e+005	
2.45046042e+001	-3.30765957e+005	
2.45255304e+001	-3.25825026e+005	
2.45464566e+001	-3.22535841e+005	
2.45673828e+001	-3.19503687e+005	
2.45883091e+001	-3.14961800e+005	
2.46092353e+001	-3.09760646e+005	
2.46301615e+001	-3.06539097e+005	
2.46510877e+001	-3.04160357e+005	
2.46720139e+001	-3.00871659e+005	
2.46929402e+001	-2.95230633e+005	
2.47138664e+001	-2.89018323e+005	
2.47347926e+001	-2.83819450e+005	
2.47557188e+001	-2.79076174e+005	
2.47766451e+001	-2.74526515e+005	
2.47975713e+001	-2.70059114e+005	
2.48184975e+001	-2.65306142e+005	
2.48394237e+001	-2.60526511e+005	
2.48603499e+001	-2.55051756e+005	
2.48812762e+001	-2.50239952e+005	
2.49022024e+001	-2.45222415e+005	
2.49231286e+001	-2.40108193e+005	
2.49440548e+001	-2.35444635e+005	
2.49649810e+001	-2.28486997e+005	
2.49859073e+001	-2.23482613e+005	
2.50068335e+001	-2.18478228e+005	
2.50277597e+001	-2.10592018e+005	
2.50486859e+001	-2.07130611e+005	
2.50696121e+001	-2.03566944e+005	
2.50905384e+001	-1.99938923e+005	
2.51114646e+001	-1.92722585e+005	
2.51323908e+001	-1.84603658e+005	
2.51533170e+001	-1.72288839e+005	
2.51742432e+001	-1.57797400e+005	
2.51951695e+001	-1.67786268e+005	
2.52160957e+001	-1.91929145e+005	
2.52370219e+001	-2.16072023e+005	
2.52579481e+001	-2.40214901e+005	
2.52788743e+001	-3.06982392e+005	
2.52998006e+001	-4.15726059e+005	
2.53207268e+001	-5.24469726e+005	
2.53416530e+001	-6.33213393e+005	
2.53625792e+001	-7.94073748e+005	
2.53835054e+001	-1.00379939e+006	
2.54044317e+001	-1.01658100e+006	
2.54253579e+001	-9.92859937e+005	
2.54462841e+001	-9.71823295e+005	
2.54672103e+001	-9.61108433e+005	
2.54881365e+001	-9.50477038e+005	
2.55090628e+001	-9.41520534e+005	
2.55299890e+001	-9.51758162e+005	
2.55509152e+001	-9.57552743e+005	
2.55718414e+001	-9.63259159e+005	
2.55927676e+001	-9.65124397e+005	
2.56136939e+001	-9.65614215e+005	
2.56346201e+001	-9.66050864e+005	
2.56555463e+001	-9.66678081e+005	
2.56764725e+001	-9.67966286e+005	
2.56973988e+001	-9.70039684e+005	
2.57183250e+001	-9.72036966e+005	
2.57392512e+001	-9.74012137e+005	
2.57601774e+001	-9.76264262e+005	
2.57811036e+001	-9.79541891e+005	
2.58020299e+001	-9.84238098e+005	
2.58229561e+001	-9.88592193e+005	
2.58438823e+001	-9.92871132e+005	
2.58648085e+001	-9.98318311e+005	
2.58857347e+001	-1.00208146e+006	
2.59066610e+001	-1.00420673e+006	
2.59275872e+001	-1.00774337e+006	
2.59485134e+001	-1.01567522e+006	
2.59694396e+001	-1.02229457e+006	
2.59903658e+001	-1.02388979e+006	
2.60112921e+001	-1.02466537e+006	
2.60322183e+001	-1.01590551e+006	
2.60531445e+001	-1.00714564e+006	
2.60740707e+001	-9.92778504e+005	
2.60949969e+001	-9.78396173e+005	
2.61159232e+001	-9.54652374e+005	
2.61368494e+001	-9.30042060e+005	
2.61577756e+001	-9.16675589e+005	
2.61787018e+001	-9.05163188e+005	
2.61996280e+001	-9.01989025e+005	
2.62205543e+001	-9.01572318e+005	
2.62414805e+001	-9.01330933e+005	
2.62624067e+001	-9.01176093e+005	
2.62833329e+001	-9.00989458e+005	
2.63042591e+001	-9.00780499e+005	
2.63251854e+001	-9.00854951e+005	
2.63461116e+001	-9.00538514e+005	
2.63670378e+001	-9.00016610e+005	
2.63879640e+001	-8.99215058e+005	
2.64088902e+001	-8.98228177e+005	
2.64298165e+001	-8.96981507e+005	
2.64507427e+001	-8.95773956e+005	
2.64716689e+001	-8.94126941e+005	
2.64925951e+001	-8.92950135e+005	
2.65135214e+001	-8.91997570e+005	
2.65344476e+001	-8.90828929e+005	
2.65553738e+001	-8.90023783e+005	
2.65763000e+001	-8.89167233e+005	
2.65972262e+001	-8.88002353e+005	
2.66181525e+001	-8.87057278e+005	
2.66390787e+001	-8.84978019e+005	
2.66600049e+001	-8.82469529e+005	
2.66809311e+001	-8.80256547e+005	
2.67018573e+001	-8.76562895e+005	
2.67227836e+001	-8.73498629e+005	
2.67437098e+001	-8.70750354e+005	
2.67646360e+001	-8.66776582e+005	
2.67855622e+001	-8.62335236e+005	
2.68064884e+001	-8.60011623e+005	
2.68274147e+001	-8.59042265e+005	
2.68483409e+001	-8.27351031e+005	
2.68692671e+001	-7.68341370e+005	
2.68901933e+001	-5.94689193e+005	
2.69111195e+001	-3.22565981e+005	
2.69320458e+001	-1.86476942e+005	
2.69529720e+001	-1.66604158e+005	
2.69738982e+001	-1.46731374e+005	
2.69948244e+001	-1.26858590e+005	
2.70157506e+001	-1.31081955e+005	
2.70366769e+001	-2.22829579e+005	
2.70576031e+001	-3.14577203e+005	
2.70785293e+001	-4.06324827e+005	
2.70994555e+001	-5.04473528e+005	
2.71203817e+001	-8.04670958e+005	
2.71413080e+001	-8.53413670e+005	
2.71622342e+001	-8.56297330e+005	
2.71831604e+001	-8.56845339e+005	
2.72040866e+001	-8.57987688e+005	
2.72250128e+001	-8.58697664e+005	
2.72459391e+001	-8.59250821e+005	
2.72668653e+001	-8.59639081e+005	
2.72877915e+001	-8.60002972e+005	
2.73087177e+001	-8.60374327e+005	
2.73296439e+001	-8.60863290e+005	
2.73505702e+001	-8.61390497e+005	
2.73714964e+001	-8.62029718e+005	
2.73924226e+001	-8.62490751e+005	
2.74133488e+001	-8.63112185e+005	
2.74342751e+001	-8.63754668e+005	
2.74552013e+001	-8.64263701e+005	
2.74761275e+001	-8.64872050e+005	
2.74970537e+001	-8.65725381e+005	
2.75179799e+001	-8.66427577e+005	
2.75389062e+001	-8.67183109e+005	
2.75598324e+001	-8.68217300e+005	
2.75807586e+001	-8.68990653e+005	
2.76016848e+001	-8.70895250e+005	
2.76226110e+001	-8.73093013e+005	
2.76435373e+001	-8.73590502e+005	
2.76644635e+001	-8.74087991e+005	
2.76853897e+001	-8.75168844e+005	
2.77063159e+001	-8.76270686e+005	
2.77272421e+001	-8.77106392e+005	
2.77481684e+001	-8.78254646e+005	
2.77690946e+001	-8.79421570e+005	
2.77900208e+001	-8.80593147e+005	
2.78109470e+001	-8.80222611e+005	
2.78318732e+001	-8.79250552e+005	
2.78527995e+001	-8.74290989e+005	
2.78737257e+001	-8.67065139e+005	
2.78946519e+001	-8.65897676e+005	
2.79155781e+001	-8.69550808e+005	
2.79365043e+001	-8.71318859e+005	
2.79574306e+001	-8.70990652e+005	
2.79783568e+001	-8.70802854e+005	
2.79992830e+001	-8.70833167e+005	
2.80202092e+001	-8.70915677e+005	
2.80411354e+001	-8.71114472e+005	
2.80620617e+001	-8.71604351e+005	
2.80829879e+001	-8.71685761e+005	
2.81039141e+001	-8.71763720e+005	
2.81248403e+001	-8.71821516e+005	
2.81457665e+001	-8.71885618e+005	
2.81666928e+001	-8.72040668e+005	
2.81876190e+001	-8.72135877e+005	
2.82085452e+001	-8.72223966e+005	
2.82294714e+001	-8.72346618e+005	
2.82503977e+001	-8.72478630e+005	
2.82713239e+001	-8.72615986e+005	
2.82922501e+001	-8.72736767e+005	
2.83131763e+001	-8.72826064e+005	
2.83341025e+001	-8.72970796e+005	
2.83550288e+001	-8.73102997e+005	
2.83759550e+001	-8.73203674e+005	
2.83968812e+001	-8.73361921e+005	
2.84178074e+001	-8.73326372e+005	
2.84387336e+001	-8.73486645e+005	
2.84596599e+001	-8.73643962e+005	
2.84805861e+001	-8.73797636e+005	
2.85015123e+001	-8.73951173e+005	
2.85224385e+001	-8.74115705e+005	
2.85433647e+001	-8.75194838e+005	
2.85642910e+001	-8.78122082e+005	
2.85852172e+001	-8.77374106e+005	
2.86061434e+001	-8.67508037e+005	
2.86270696e+001	-8.27780044e+005	
2.86479958e+001	-6.24135905e+005	
2.86689221e+001	-3.66406046e+005	
2.86898483e+001	-3.15983338e+005	
2.87107745e+001	-2.65560630e+005	
2.87317007e+001	-2.15137921e+005	
2.87526269e+001	-1.64715213e+005	
2.87735532e+001	-2.40462046e+005	
2.87944794e+001	-3.27638346e+005	
2.88154056e+001	-4.14814647e+005	
2.88363318e+001	-5.01990947e+005	
2.88572580e+001	-7.75682376e+005	
2.88781843e+001	-1.01813806e+006	
2.88991105e+001	-1.08865076e+006	
2.89200367e+001	-1.09317537e+006	
2.89409629e+001	-1.09432138e+006	
2.89618891e+001	-1.09199396e+006	
2.89828154e+001	-1.09049904e+006	
2.90037416e+001	-1.09035096e+006	
2.90246678e+001	-1.09073160e+006	
2.90455940e+001	-1.09099448e+006	
2.90665202e+001	-1.09078737e+006	
2.90874465e+001	-1.09018391e+006	
2.91083727e+001	-1.09117809e+006	
2.91292989e+001	-1.09223387e+006	
2.91502251e+001	-1.09305661e+006	
2.91711514e+001	-1.09403817e+006	
2.91920776e+001	-1.09490570e+006	
2.92130038e+001	-1.09506035e+006	
2.92339300e+001	-1.09710756e+006	
2.92548562e+001	-1.09924041e+006	
2.92757825e+001	-1.10046047e+006	
2.92967087e+001	-1.10339733e+006	
2.93176349e+001	-1.10441541e+006	
2.93385611e+001	-1.10699914e+006	
2.93594873e+001	-1.11179269e+006	
2.93804136e+001	-1.11623303e+006	
2.94013398e+001	-1.12043496e+006	
2.94222660e+001	-1.12948373e+006	
2.94431922e+001	-1.14073551e+006	
2.94641184e+001	-1.14645471e+006	
2.94850447e+001	-1.14901854e+006	
2.95059709e+001	-1.15081201e+006	
2.95268971e+001	-1.15190491e+006	
2.95478233e+001	-1.15264271e+006	
2.95687495e+001	-1.15293140e+006	
2.95896758e+001	-1.15078494e+006	
2.96106020e+001	-1.14430648e+006	
2.96315282e+001	-1.14164498e+006	
2.96524544e+001	-1.14886802e+006	
2.96733806e+001	-1.15466192e+006	
2.96943069e+001	-1.15458372e+006	
2.97152331e+001	-1.15438962e+006	
2.97361593e+001	-1.15329417e+006	
2.97570855e+001	-1.15220513e+006	
2.97780117e+001	-1.15131047e+006	
2.97989380e+001	-1.15041581e+006	
2.98198642e+001	-1.14834870e+006	
2.98407904e+001	-1.14580314e+006	
2.98617166e+001	-1.14341712e+006	
2.98826428e+001	-1.14105538e+006	
2.99035691e+001	-1.13802350e+006	
2.99244953e+001	-1.13590433e+006	
2.99454215e+001	-1.13406239e+006	
2.99663477e+001	-1.13160855e+006	
2.99872740e+001	-1.12948632e+006	
3.00082002e+001	-1.12826202e+006	
3.00291264e+001	-1.12707034e+006	
3.00500526e+001	-1.12604070e+006	
3.00709788e+001	-1.12521939e+006	
3.00919051e+001	-1.12413162e+006	
3.01128313e+001	-1.12309339e+006	
3.01337575e+001	-1.12214835e+006	
3.01546837e+001	-1.12129845e+006	
3.01756099e+001	-1.12068286e+006	
3.01965362e+001	-1.12003897e+006	
3.02174624e+001	-1.12007925e+006	
3.02383886e+001	-1.12006442e+006	
3.02593148e+001	-1.11973187e+006	
3.02802410e+001	-1.12000476e+006	
3.03011673e+001	-1.12232349e+006	
3.03220935e+001	-1.12464221e+006	
3.03430197e+001	-1.11818658e+006	
3.03639459e+001	-1.11212297e+006	
3.03848721e+001	-9.08958475e+005	
3.04057984e+001	-5.83832004e+005	
3.04267246e+001	-4.49278706e+005	
3.04476508e+001	-3.65940639e+005	
3.04685770e+001	-2.82602571e+005	
3.04895032e+001	-1.99264503e+005	
3.05104295e+001	-2.11065279e+005	
3.05313557e+001	-2.74744623e+005	
3.05522819e+001	-3.38423967e+005	
3.05732081e+001	-4.02103311e+005	
3.05941343e+001	-5.80857386e+005	
3.06150606e+001	-8.80457532e+005	
3.06359868e+001	-1.06712865e+006	
3.06569130e+001	-1.09217080e+006	
3.06778392e+001	-1.10893949e+006	
3.06987654e+001	-1.10522487e+006	
3.07196917e+001	-1.10201162e+006	
3.07406179e+001	-1.10086628e+006	
3.07615441e+001	-1.10133466e+006	
3.07824703e+001	-1.10160811e+006	
3.08033965e+001	-1.10176469e+006	
3.08243228e+001	-1.10029849e+006	
3.08452490e+001	-1.10083752e+006	
3.08661752e+001	-1.10254672e+006	
3.08871014e+001	-1.10364622e+006	
3.09080277e+001	-1.10475492e+006	
3.09289539e+001	-1.10617683e+006	
3.09498801e+001	-1.10671237e+006	
3.09708063e+001	-1.10830732e+006	
3.09917325e+001	-1.11074186e+006	
3.10126588e+001	-1.11248668e+006	
3.10335850e+001	-1.11486482e+006	
3.10545112e+001	-1.11694335e+006	
3.10754374e+001	-1.11925591e+006	
3.10963636e+001	-1.12333533e+006	
3.11172899e+001	-1.12826129e+006	
3.11382161e+001	-1.13297621e+006	
3.11591423e+001	-1.14130460e+006	
3.11800685e+001	-1.15483876e+006	
3.12009947e+001	-1.16466364e+006	
3.12219210e+001	-1.16766594e+006	
3.12428472e+001	-1.17010515e+006	
3.12637734e+001	-1.17081776e+006	
3.12846996e+001	-1.17142214e+006	
3.13056258e+001	-1.17147386e+006	
3.13265521e+001	-1.17065358e+006	
3.13474783e+001	-1.16007138e+006	
3.13684045e+001	-1.14948930e+006	
