% Column 0: Length, cm
% Column 1: H.n, Amp/m
0.00000000e+000	-1.23013287e+006	
2.09262205e-002	-1.24244861e+006	
4.18524410e-002	-1.25476427e+006	
6.27786614e-002	-1.25577237e+006	
8.37048819e-002	-1.25577072e+006	
1.04631102e-001	-1.25473313e+006	
1.25557323e-001	-1.25349267e+006	
1.46483543e-001	-1.25243951e+006	
1.67409764e-001	-1.25144730e+006	
1.88335984e-001	-1.24846709e+006	
2.09262205e-001	-1.24391476e+006	
2.30188425e-001	-1.23947808e+006	
2.51114646e-001	-1.23512178e+006	
2.72040866e-001	-1.23071524e+006	
2.92967087e-001	-1.22740329e+006	
3.13893307e-001	-1.22431928e+006	
3.34819528e-001	-1.22018440e+006	
3.55745748e-001	-1.21699250e+006	
3.76671969e-001	-1.21417236e+006	
3.97598189e-001	-1.21096742e+006	
4.18524410e-001	-1.20829378e+006	
4.39450630e-001	-1.20563973e+006	
4.60376851e-001	-1.20199913e+006	
4.81303071e-001	-1.19945073e+006	
5.02229292e-001	-1.19687555e+006	
5.23155512e-001	-1.19576571e+006	
5.44081733e-001	-1.19523758e+006	
5.65007953e-001	-1.19332505e+006	
5.85934173e-001	-1.19324265e+006	
6.06860394e-001	-1.19329042e+006	
6.27786614e-001	-1.19254533e+006	
6.48712835e-001	-1.19336332e+006	
6.69639055e-001	-1.19607865e+006	
6.90565276e-001	-1.19924101e+006	
7.11491496e-001	-1.17982543e+006	
7.32417717e-001	-1.15123805e+006	
7.53343937e-001	-9.54579128e+005	
7.74270158e-001	-6.23247202e+005	
7.95196378e-001	-4.21825023e+005	
8.16122599e-001	-3.55900576e+005	
8.37048819e-001	-2.89976130e+005	
8.57975040e-001	-2.24051683e+005	
8.78901260e-001	-2.11158174e+005	
8.99827481e-001	-2.94839752e+005	
9.20753701e-001	-3.78521331e+005	
9.41679922e-001	-4.62202909e+005	
9.62606142e-001	-6.02580806e+005	
9.83532363e-001	-9.55736344e+005	
1.00445858e+000	-1.18340267e+006	
1.02538480e+000	-1.19126523e+006	
1.04631102e+000	-1.19949989e+006	
1.06723724e+000	-1.19735095e+006	
1.08816347e+000	-1.19520201e+006	
1.10908969e+000	-1.19453268e+006	
1.13001591e+000	-1.19539543e+006	
1.15094213e+000	-1.19608164e+006	
1.17186835e+000	-1.19671971e+006	
1.19279457e+000	-1.19582636e+006	
1.21372079e+000	-1.19647655e+006	
1.23464701e+000	-1.19869597e+006	
1.25557323e+000	-1.20034615e+006	
1.27649945e+000	-1.20186076e+006	
1.29742567e+000	-1.20349001e+006	
1.31835189e+000	-1.20448032e+006	
1.33927811e+000	-1.20605329e+006	
1.36020433e+000	-1.20877773e+006	
1.38113055e+000	-1.21088515e+006	
1.40205677e+000	-1.21291022e+006	
1.42298299e+000	-1.21569529e+006	
1.44390921e+000	-1.21764864e+006	
1.46483543e+000	-1.22111070e+006	
1.48576165e+000	-1.22606821e+006	
1.50668787e+000	-1.23057262e+006	
1.52761410e+000	-1.23646841e+006	
1.54854032e+000	-1.25151724e+006	
1.56946654e+000	-1.26571945e+006	
1.59039276e+000	-1.26927783e+006	
1.61131898e+000	-1.27283621e+006	
1.63224520e+000	-1.27417932e+006	
1.65317142e+000	-1.27544959e+006	
1.67409764e+000	-1.27571780e+006	
1.69502386e+000	-1.27585714e+006	
1.71595008e+000	-1.26984730e+006	
1.73687630e+000	-1.26234106e+006	
1.75780252e+000	-1.26521073e+006	
1.77872874e+000	-1.27206396e+006	
1.79965496e+000	-1.27391438e+006	
1.82058118e+000	-1.27295316e+006	
1.84150740e+000	-1.27138768e+006	
1.86243362e+000	-1.26934406e+006	
1.88335984e+000	-1.26732194e+006	
1.90428606e+000	-1.26532350e+006	
1.92521228e+000	-1.26235716e+006	
1.94613850e+000	-1.25694281e+006	
1.96706473e+000	-1.25180985e+006	
1.98799095e+000	-1.24729610e+006	
2.00891717e+000	-1.24242797e+006	
2.02984339e+000	-1.23692646e+006	
2.05076961e+000	-1.23384049e+006	
2.07169583e+000	-1.23094916e+006	
2.09262205e+000	-1.22650468e+006	
2.11354827e+000	-1.22345183e+006	
2.13447449e+000	-1.22184303e+006	
2.15540071e+000	-1.21900313e+006	
2.17632693e+000	-1.21787845e+006	
2.19725315e+000	-1.21651209e+006	
2.21817937e+000	-1.21531210e+006	
2.23910559e+000	-1.21359463e+006	
2.26003181e+000	-1.21197998e+006	
2.28095803e+000	-1.21028181e+006	
2.30188425e+000	-1.20876671e+006	
2.32281047e+000	-1.20853543e+006	
2.34373669e+000	-1.20901368e+006	
2.36466291e+000	-1.20891552e+006	
2.38558913e+000	-1.20885763e+006	
2.40651536e+000	-1.21017926e+006	
2.42744158e+000	-1.21250094e+006	
2.44836780e+000	-1.21060693e+006	
2.46929402e+000	-1.20443557e+006	
2.49022024e+000	-1.12683191e+006	
2.51114646e+000	-8.56049274e+005	
2.53207268e+000	-5.41709223e+005	
2.55299890e+000	-4.52732524e+005	
2.57392512e+000	-3.63755825e+005	
2.59485134e+000	-2.74779126e+005	
2.61577756e+000	-1.99477061e+005	
2.63670378e+000	-2.63040632e+005	
2.65763000e+000	-3.26604202e+005	
2.67855622e+000	-3.90167773e+005	
2.69948244e+000	-4.53731344e+005	
2.72040866e+000	-7.62828647e+005	
2.74133488e+000	-9.89665282e+005	
2.76226110e+000	-1.03284311e+006	
2.78318732e+000	-1.04317568e+006	
2.80411354e+000	-1.04451158e+006	
2.82503977e+000	-1.04210451e+006	
2.84596599e+000	-1.04147665e+006	
2.86689221e+000	-1.04179319e+006	
2.88781843e+000	-1.04189955e+006	
2.90874465e+000	-1.04182779e+006	
2.92967087e+000	-1.04190566e+006	
2.95059709e+000	-1.04209886e+006	
2.97152331e+000	-1.04254273e+006	
2.99244953e+000	-1.04285717e+006	
3.01337575e+000	-1.04326557e+006	
3.03430197e+000	-1.04350809e+006	
3.05522819e+000	-1.04360104e+006	
3.07615441e+000	-1.04405747e+006	
3.09708063e+000	-1.04540353e+006	
3.11800685e+000	-1.04681464e+006	
3.13893307e+000	-1.04763370e+006	
3.15985929e+000	-1.04936161e+006	
3.18078551e+000	-1.05018505e+006	
3.20171173e+000	-1.05177866e+006	
3.22263795e+000	-1.05480095e+006	
3.24356417e+000	-1.05719766e+006	
3.26449040e+000	-1.05954940e+006	
3.28541662e+000	-1.06490558e+006	
3.30634284e+000	-1.07077469e+006	
3.32726906e+000	-1.07260646e+006	
3.34819528e+000	-1.07366571e+006	
3.36912150e+000	-1.07411364e+006	
3.39004772e+000	-1.07428744e+006	
3.41097394e+000	-1.07473420e+006	
3.43190016e+000	-1.07535671e+006	
3.45282638e+000	-1.07327912e+006	
3.47375260e+000	-1.06877337e+006	
3.49467882e+000	-1.07003148e+006	
3.51560504e+000	-1.07852493e+006	
3.53653126e+000	-1.08417645e+006	
3.55745748e+000	-1.08482803e+006	
3.57838370e+000	-1.08453839e+006	
3.59930992e+000	-1.08183524e+006	
3.62023614e+000	-1.07912140e+006	
3.64116236e+000	-1.07636467e+006	
3.66208858e+000	-1.07405476e+006	
3.68301480e+000	-1.07205248e+006	
3.70394103e+000	-1.07004687e+006	
3.72486725e+000	-1.06794856e+006	
3.74579347e+000	-1.06585024e+006	
3.76671969e+000	-1.05883683e+006	
3.78764591e+000	-1.05296001e+006	
3.80857213e+000	-1.04939277e+006	
3.82949835e+000	-1.04504521e+006	
3.85042457e+000	-1.04133312e+006	
3.87135079e+000	-1.03924229e+006	
3.89227701e+000	-1.03650394e+006	
3.91320323e+000	-1.03369746e+006	
3.93412945e+000	-1.03142134e+006	
3.95505567e+000	-1.02882309e+006	
3.97598189e+000	-1.02629983e+006	
3.99690811e+000	-1.02425023e+006	
4.01783433e+000	-1.02203961e+006	
4.03876055e+000	-1.02082741e+006	
4.05968677e+000	-1.02037573e+006	
4.08061299e+000	-1.01957743e+006	
4.10153921e+000	-1.01871100e+006	
4.12246543e+000	-1.01789180e+006	
4.14339166e+000	-1.01752580e+006	
4.16431788e+000	-1.01660920e+006	
4.18524410e+000	-1.01519860e+006	
4.20617032e+000	-1.01462580e+006	
4.22709654e+000	-1.01105546e+006	
4.24802276e+000	-9.48934883e+005	
4.26894898e+000	-5.93219900e+005	
4.28987520e+000	-4.77035553e+005	
4.31080142e+000	-3.68436352e+005	
4.33172764e+000	-2.59837151e+005	
4.35265386e+000	-1.51237950e+005	
4.37358008e+000	-1.39770046e+005	
4.39450630e+000	-1.55070167e+005	
4.41543252e+000	-1.70370289e+005	
4.43635874e+000	-1.85670411e+005	
4.45728496e+000	-3.17940242e+005	
4.47821118e+000	-5.90804201e+005	
4.49913740e+000	-7.68377900e+005	
4.52006362e+000	-8.31648296e+005	
4.54098984e+000	-8.67463417e+005	
4.56191607e+000	-8.72551351e+005	
4.58284229e+000	-8.80557362e+005	
4.60376851e+000	-8.93198985e+005	
4.62469473e+000	-9.04917222e+005	
4.64562095e+000	-9.13891899e+005	
4.66654717e+000	-9.23930754e+005	
4.68747339e+000	-9.36042503e+005	
4.70839961e+000	-9.42522947e+005	
4.72932583e+000	-9.50879925e+005	
4.75025205e+000	-9.59623476e+005	
4.77117827e+000	-9.68863276e+005	
4.79210449e+000	-9.78159782e+005	
4.81303071e+000	-9.89800332e+005	
4.83395693e+000	-9.99173904e+005	
4.85488315e+000	-1.00904990e+006	
4.87580937e+000	-1.01862602e+006	
4.89673559e+000	-1.02932957e+006	
4.91766181e+000	-1.03943168e+006	
4.93858803e+000	-1.05002367e+006	
4.95951425e+000	-1.06396064e+006	
4.98044047e+000	-1.07523009e+006	
5.00136670e+000	-1.08442932e+006	
5.02229292e+000	-1.08520194e+006	
5.04321914e+000	-1.07978233e+006	
5.06414536e+000	-1.07162824e+006	
5.08507158e+000	-1.06114308e+006	
5.10599780e+000	-1.04628433e+006	
5.12692402e+000	-1.02519580e+006	
5.14785024e+000	-1.00383456e+006	
5.16877646e+000	-9.81922507e+005	
5.18970268e+000	-9.62034864e+005	
5.21062890e+000	-9.48267302e+005	
5.23155512e+000	-9.38279722e+005	
5.25248134e+000	-9.47248990e+005	
5.27340756e+000	-9.56736191e+005	
5.29433378e+000	-9.71806917e+005	
5.31526000e+000	-9.86878789e+005	
5.33618622e+000	-1.00248039e+006	
5.35711244e+000	-1.01808200e+006	
5.37803866e+000	-1.03155132e+006	
5.39896488e+000	-1.04483694e+006	
5.41989110e+000	-1.05281831e+006	
5.44081733e+000	-1.05986510e+006	
5.46174355e+000	-1.06311742e+006	
5.48266977e+000	-1.06515156e+006	
5.50359599e+000	-1.06706224e+006	
5.52452221e+000	-1.06837269e+006	
5.54544843e+000	-1.07090224e+006	
5.56637465e+000	-1.07694655e+006	
5.58730087e+000	-1.08374873e+006	
5.60822709e+000	-1.09072631e+006	
5.62915331e+000	-1.08856325e+006	
5.65007953e+000	-1.07146030e+006	
5.67100575e+000	-1.05287146e+006	
5.69193197e+000	-1.04207745e+006	
5.71285819e+000	-1.03647352e+006	
5.73378441e+000	-1.02905634e+006	
5.75471063e+000	-1.02230122e+006	
5.77563685e+000	-1.01315840e+006	
5.79656307e+000	-9.99690697e+005	
5.81748929e+000	-9.92526838e+005	
5.83841551e+000	-9.85440122e+005	
5.85934173e+000	-9.82237440e+005	
5.88026796e+000	-9.86312002e+005	
5.90119418e+000	-9.96945634e+005	
5.92212040e+000	-1.00800562e+006	
5.94304662e+000	-1.03440408e+006	
5.96397284e+000	-1.06476340e+006	
5.98489906e+000	-1.06800016e+006	
6.00582528e+000	-9.23300978e+005	
6.02675150e+000	-7.34114381e+005	
6.04767772e+000	-5.47905653e+005	
6.06860394e+000	-4.21244067e+005	
6.08953016e+000	-3.32690302e+005	
6.11045638e+000	-2.70881671e+005	
6.13138260e+000	-2.40223077e+005	
6.15230882e+000	-2.08770064e+005	
6.17323504e+000	-1.76331944e+005	
6.19416126e+000	-1.56844470e+005	
6.21508748e+000	-1.61097460e+005	
6.23601370e+000	-1.67330190e+005	
6.25693992e+000	-1.72800482e+005	
6.27786614e+000	-1.78211871e+005	
6.29879237e+000	-1.83335251e+005	
6.31971859e+000	-1.88655352e+005	
6.34064481e+000	-1.95417171e+005	
6.36157103e+000	-2.01680463e+005	
6.38249725e+000	-2.03504120e+005	
6.40342347e+000	-2.05327777e+005	
6.42434969e+000	-2.08096497e+005	
6.44527591e+000	-2.13422441e+005	
6.46620213e+000	-2.18975378e+005	
6.48712835e+000	-2.24433618e+005	
6.50805457e+000	-2.30562591e+005	
6.52898079e+000	-2.35990620e+005	
6.54990701e+000	-2.42284409e+005	
6.57083323e+000	-2.48028834e+005	
6.59175945e+000	-2.53779708e+005	
6.61268567e+000	-2.60182905e+005	
6.63361189e+000	-2.66403092e+005	
6.65453811e+000	-2.73085079e+005	
6.67546433e+000	-2.79686905e+005	
6.69639055e+000	-2.86717364e+005	
6.71731677e+000	-2.94996553e+005	
6.73824300e+000	-3.02339641e+005	
6.75916922e+000	-3.09325124e+005	
6.78009544e+000	-3.15470881e+005	
6.80102166e+000	-3.21026068e+005	
6.82194788e+000	-3.25190935e+005	
6.84287410e+000	-3.29705964e+005	
6.86380032e+000	-3.36469623e+005	
6.88472654e+000	-3.43124111e+005	
6.90565276e+000	-3.47820868e+005	
6.92657898e+000	-3.52517624e+005	
6.94750520e+000	-3.64683604e+005	
6.96843142e+000	-3.77074546e+005	
6.98935764e+000	-3.91260754e+005	
7.01028386e+000	-4.05925229e+005	
7.03121008e+000	-4.18579138e+005	
7.05213630e+000	-4.30752526e+005	
7.07306252e+000	-4.44151597e+005	
7.09398874e+000	-4.58014965e+005	
7.11491496e+000	-4.66185581e+005	
7.13584118e+000	-4.71196599e+005	
7.15676740e+000	-4.76194561e+005	
7.17769363e+000	-4.80988742e+005	
7.19861985e+000	-4.84577956e+005	
7.21954607e+000	-4.86857367e+005	
7.24047229e+000	-4.89568403e+005	
7.26139851e+000	-4.94305004e+005	
7.28232473e+000	-5.01278797e+005	
7.30325095e+000	-5.07521689e+005	
7.32417717e+000	-5.13261664e+005	
7.34510339e+000	-5.19134851e+005	
7.36602961e+000	-5.24467472e+005	
7.38695583e+000	-5.30594184e+005	
7.40788205e+000	-5.35951222e+005	
7.42880827e+000	-5.41841578e+005	
7.44973449e+000	-5.46882272e+005	
7.47066071e+000	-5.52264235e+005	
7.49158693e+000	-5.57875540e+005	
7.51251315e+000	-5.62216644e+005	
7.53343937e+000	-5.68153061e+005	
7.55436559e+000	-5.72337485e+005	
7.57529181e+000	-5.76095649e+005	
7.59621803e+000	-5.81008562e+005	
7.61714426e+000	-5.84790330e+005	
7.63807048e+000	-5.93208529e+005	
7.65899670e+000	-6.04356150e+005	
7.67992292e+000	-6.30310431e+005	
7.70084914e+000	-6.68302187e+005	
7.72177536e+000	-7.26319437e+005	
7.74270158e+000	-6.60542727e+005	
7.76362780e+000	-4.71122597e+005	
7.78455402e+000	-3.51416627e+005	
7.80548024e+000	-2.31710656e+005	
7.82640646e+000	-1.12004686e+005	
7.84733268e+000	1.77380952e+004	
7.86825890e+000	1.49874145e+005	
7.88918512e+000	2.82010194e+005	
7.91011134e+000	4.14146244e+005	
7.93103756e+000	5.58234172e+005	
7.95196378e+000	8.13344599e+005	
7.97289000e+000	7.45135636e+005	
7.99381622e+000	6.84557639e+005	
8.01474244e+000	6.23979642e+005	
8.03566867e+000	6.02802215e+005	
8.05659489e+000	5.83767399e+005	
8.07752111e+000	5.82771213e+005	
8.09844733e+000	5.87175836e+005	
8.11937355e+000	5.85288344e+005	
8.14029977e+000	5.81237378e+005	
8.16122599e+000	5.71624681e+005	
8.18215221e+000	5.61655225e+005	
8.20307843e+000	5.52331902e+005	
8.22400465e+000	5.43376980e+005	
8.24493087e+000	5.35623140e+005	
8.26585709e+000	5.28152101e+005	
8.28678331e+000	5.20307431e+005	
8.30770953e+000	5.12007418e+005	
8.32863575e+000	5.04329226e+005	
8.34956197e+000	4.96807789e+005	
8.37048819e+000	4.88510559e+005	
8.39141441e+000	4.80847798e+005	
8.41234063e+000	4.71905417e+005	
8.43326685e+000	4.63801012e+005	
8.45419307e+000	4.54013133e+005	
8.47511930e+000	4.45619853e+005	
8.49604552e+000	4.37242877e+005	
8.51697174e+000	4.29624224e+005	
8.53789796e+000	4.22005571e+005	
8.55882418e+000	4.17239517e+005	
8.57975040e+000	4.12755485e+005	
8.60067662e+000	4.04926185e+005	
8.62160284e+000	3.96538386e+005	
8.64252906e+000	3.89902380e+005	
8.66345528e+000	3.83775044e+005	
8.68438150e+000	3.76691650e+005	
8.70530772e+000	3.69184874e+005	
8.72623394e+000	3.64995704e+005	
8.74716016e+000	3.62788007e+005	
8.76808638e+000	3.58614940e+005	
8.78901260e+000	3.52691994e+005	
8.80993882e+000	3.44363917e+005	
8.83086504e+000	3.33063488e+005	
8.85179126e+000	3.23951584e+005	
8.87271748e+000	3.18642420e+005	
8.89364370e+000	3.12898241e+005	
8.91456993e+000	3.05410439e+005	
8.93549615e+000	2.97726019e+005	
8.95642237e+000	2.89261050e+005	
8.97734859e+000	2.80595007e+005	
8.99827481e+000	2.70650425e+005	
9.01920103e+000	2.63031699e+005	
9.04012725e+000	2.54079289e+005	
9.06105347e+000	2.46379117e+005	
9.08197969e+000	2.36714663e+005	
9.10290591e+000	2.28869537e+005	
9.12383213e+000	2.20571580e+005	
9.14475835e+000	2.11659520e+005	
9.16568457e+000	2.02336266e+005	
9.18661079e+000	1.92410518e+005	
9.20753701e+000	1.83280075e+005	
9.22846323e+000	1.73695595e+005	
9.24938945e+000	1.64676003e+005	
9.27031567e+000	1.54041518e+005	
9.29124189e+000	1.43674488e+005	
9.31216811e+000	1.34774589e+005	
9.33309433e+000	1.22749851e+005	
9.35402056e+000	1.10503583e+005	
9.37494678e+000	1.03232378e+005	
9.39587300e+000	9.65279732e+004	
9.41679922e+000	8.67086858e+004	
9.43772544e+000	6.90628095e+004	
9.45865166e+000	4.97183767e+004	
9.47957788e+000	3.71773355e+004	
9.50050410e+000	8.60616623e+004	
9.52143032e+000	1.44313246e+005	
9.54235654e+000	2.02564830e+005	
9.56328276e+000	2.60816414e+005	
9.58420898e+000	3.19067997e+005	
9.60513520e+000	4.49444022e+005	
9.62606142e+000	5.76612904e+005	
9.64698764e+000	7.03781787e+005	
9.66791386e+000	8.30950669e+005	
9.68884008e+000	1.09304719e+006	
9.70976630e+000	1.17968936e+006	
9.73069252e+000	1.13945767e+006	
9.75161874e+000	1.07513677e+006	
9.77254497e+000	1.03443874e+006	
9.79347119e+000	1.00379430e+006	
9.81439741e+000	9.87372078e+005	
9.83532363e+000	9.88143602e+005	
9.85624985e+000	9.91625997e+005	
9.87717607e+000	9.91956342e+005	
9.89810229e+000	9.86369763e+005	
9.91902851e+000	9.76477856e+005	
9.93995473e+000	9.77809596e+005	
9.96088095e+000	9.82742766e+005	
9.98180717e+000	9.86215727e+005	
1.00027334e+001	9.89713456e+005	
1.00236596e+001	9.93694428e+005	
1.00445858e+001	9.98235752e+005	
1.00655121e+001	1.00310064e+006	
1.00864383e+001	1.00740037e+006	
1.01073645e+001	1.01175450e+006	
1.01282907e+001	1.02051184e+006	
1.01492169e+001	1.02541593e+006	
1.01701432e+001	1.03624738e+006	
1.01910694e+001	1.04889500e+006	
1.02119956e+001	1.05626100e+006	
1.02329218e+001	1.06246708e+006	
1.02538480e+001	1.07561049e+006	
1.02747743e+001	1.09115376e+006	
1.02957005e+001	1.09759270e+006	
1.03166267e+001	1.09970049e+006	
1.03375529e+001	1.09460978e+006	
1.03584791e+001	1.08428829e+006	
1.03794054e+001	1.07054591e+006	
1.04003316e+001	1.05334443e+006	
1.04212578e+001	1.03071762e+006	
1.04421840e+001	1.00045374e+006	
1.04631102e+001	9.78365886e+005	
1.04840365e+001	9.71354491e+005	
1.05049627e+001	9.66172125e+005	
1.05258889e+001	9.66433173e+005	
1.05468151e+001	9.66479289e+005	
1.05677413e+001	9.65471485e+005	
1.05886676e+001	9.64402129e+005	
1.06095938e+001	9.62691625e+005	
1.06305200e+001	9.61379640e+005	
1.06514462e+001	9.59305273e+005	
1.06723724e+001	9.57230906e+005	
1.06932987e+001	9.55350666e+005	
1.07142249e+001	9.53486507e+005	
1.07351511e+001	9.51159651e+005	
1.07560773e+001	9.48653186e+005	
1.07770035e+001	9.46892647e+005	
1.07979298e+001	9.45059303e+005	
1.08188560e+001	9.42928153e+005	
1.08397822e+001	9.40817178e+005	
1.08607084e+001	9.37825045e+005	
1.08816347e+001	9.33641615e+005	
1.09025609e+001	9.30141736e+005	
1.09234871e+001	9.27566854e+005	
1.09444133e+001	9.24848184e+005	
1.09653395e+001	9.21808805e+005	
1.09862658e+001	9.16991831e+005	
1.10071920e+001	9.09882807e+005	
1.10281182e+001	9.02889439e+005	
1.10490444e+001	8.98021881e+005	
1.10699706e+001	8.92828678e+005	
1.10908969e+001	8.86655998e+005	
1.11118231e+001	8.79572300e+005	
1.11327493e+001	8.42138541e+005	
1.11536755e+001	8.01927614e+005	
1.11746017e+001	5.73306467e+005	
1.11955280e+001	3.44685321e+005	
1.12164542e+001	1.22196559e+005	
1.12373804e+001	6.46801671e+004	
1.12583066e+001	6.00309794e+004	
1.12792328e+001	6.10566489e+004	
1.13001591e+001	6.20823184e+004	
1.13210853e+001	6.31079879e+004	
1.13420115e+001	1.03017426e+005	
1.13629377e+001	1.55534681e+005	
1.13838639e+001	3.16177144e+005	
1.14047902e+001	5.45235429e+005	
1.14257164e+001	7.96057658e+005	
1.14466426e+001	9.46889237e+005	
1.14675688e+001	9.64578343e+005	
1.14884950e+001	9.71310088e+005	
1.15094213e+001	9.76749125e+005	
1.15303475e+001	9.78658844e+005	
1.15512737e+001	9.79992446e+005	
1.15721999e+001	9.80410472e+005	
1.15931261e+001	9.82379047e+005	
1.16140524e+001	9.83960218e+005	
1.16349786e+001	9.85439811e+005	
1.16559048e+001	9.86324147e+005	
1.16768310e+001	9.89119842e+005	
1.16977572e+001	9.91309991e+005	
1.17186835e+001	9.94339040e+005	
1.17396097e+001	9.97780732e+005	
1.17605359e+001	1.00014857e+006	
1.17814621e+001	1.00323557e+006	
1.18023884e+001	1.00707055e+006	
1.18233146e+001	1.01026374e+006	
1.18442408e+001	1.01428555e+006	
1.18651670e+001	1.01873847e+006	
1.18860932e+001	1.02317838e+006	
1.19070195e+001	1.03052941e+006	
1.19279457e+001	1.03883850e+006	
1.19488719e+001	1.04301112e+006	
1.19697981e+001	1.04421160e+006	
1.19907243e+001	1.04757721e+006	
1.20116506e+001	1.05343102e+006	
1.20325768e+001	1.05868234e+006	
1.20535030e+001	1.06381635e+006	
1.20744292e+001	1.06832097e+006	
1.20953554e+001	1.07136702e+006	
1.21162817e+001	1.07331873e+006	
1.21372079e+001	1.07137669e+006	
1.21581341e+001	1.06821946e+006	
1.21790603e+001	1.05744804e+006	
1.21999865e+001	1.04743391e+006	
1.22209128e+001	1.04827284e+006	
1.22418390e+001	1.04911177e+006	
1.22627652e+001	1.04862742e+006	
1.22836914e+001	1.04810665e+006	
1.23046176e+001	1.04855221e+006	
1.23255439e+001	1.04911518e+006	
1.23464701e+001	1.04967361e+006	
1.23673963e+001	1.05023093e+006	
1.23883225e+001	1.05029528e+006	
1.24092487e+001	1.04966865e+006	
1.24301750e+001	1.04904545e+006	
1.24511012e+001	1.04842422e+006	
1.24720274e+001	1.04800590e+006	
1.24929536e+001	1.04780001e+006	
1.25138798e+001	1.04733347e+006	
1.25348061e+001	1.04671203e+006	
1.25557323e+001	1.04643365e+006	
1.25766585e+001	1.04635832e+006	
1.25975847e+001	1.04646188e+006	
1.26185110e+001	1.04630930e+006	
1.26394372e+001	1.04603535e+006	
1.26603634e+001	1.04599196e+006	
1.26812896e+001	1.04588132e+006	
1.27022158e+001	1.04588748e+006	
1.27231421e+001	1.04619582e+006	
1.27440683e+001	1.04658881e+006	
1.27649945e+001	1.04688716e+006	
1.27859207e+001	1.04725324e+006	
1.28068469e+001	1.04761999e+006	
1.28277732e+001	1.04731120e+006	
1.28486994e+001	1.04740096e+006	
1.28696256e+001	1.05007932e+006	
1.28905518e+001	1.05328668e+006	
1.29114780e+001	1.01897510e+006	
1.29324043e+001	9.72605105e+005	
1.29533305e+001	7.54168979e+005	
1.29742567e+001	4.73131189e+005	
1.29951829e+001	3.38766316e+005	
1.30161091e+001	2.99376425e+005	
1.30370354e+001	2.59986534e+005	
1.30579616e+001	2.20596643e+005	
1.30788878e+001	2.45190927e+005	
1.30998140e+001	3.59950260e+005	
1.31207402e+001	4.74709592e+005	
1.31416665e+001	5.89468925e+005	
1.31625927e+001	7.68435867e+005	
1.31835189e+001	1.08126238e+006	
1.32044451e+001	1.16804098e+006	
1.32253713e+001	1.16631388e+006	
1.32462976e+001	1.16539668e+006	
1.32672238e+001	1.16545521e+006	
1.32881500e+001	1.16550807e+006	
1.33090762e+001	1.16476199e+006	
1.33300024e+001	1.16599560e+006	
1.33509287e+001	1.16696775e+006	
1.33718549e+001	1.16791291e+006	
1.33927811e+001	1.16711903e+006	
1.34137073e+001	1.16840788e+006	
1.34346335e+001	1.17092941e+006	
1.34555598e+001	1.17284066e+006	
1.34764860e+001	1.17500807e+006	
1.34974122e+001	1.17694907e+006	
1.35183384e+001	1.17819935e+006	
1.35392647e+001	1.18036084e+006	
1.35601909e+001	1.18319309e+006	
1.35811171e+001	1.18573489e+006	
1.36020433e+001	1.18914875e+006	
1.36229695e+001	1.19302142e+006	
1.36438958e+001	1.19857587e+006	
1.36648220e+001	1.21011469e+006	
1.36857482e+001	1.22028582e+006	
1.37066744e+001	1.22191093e+006	
1.37276006e+001	1.22579169e+006	
1.37485269e+001	1.23944652e+006	
1.37694531e+001	1.25249667e+006	
1.37903793e+001	1.26155503e+006	
1.38113055e+001	1.27052972e+006	
1.38322317e+001	1.27605435e+006	
1.38531580e+001	1.28157899e+006	
1.38740842e+001	1.28150159e+006	
1.38950104e+001	1.28107705e+006	
1.39159366e+001	1.27287759e+006	
1.39368628e+001	1.26341081e+006	
1.39577891e+001	1.26558470e+006	
1.39787153e+001	1.27102429e+006	
1.39996415e+001	1.27170320e+006	
1.40205677e+001	1.27030021e+006	
1.40414939e+001	1.26897595e+006	
1.40624202e+001	1.26770111e+006	
1.40833464e+001	1.26643071e+006	
1.41042726e+001	1.26516423e+006	
1.41251988e+001	1.26342309e+006	
1.41461250e+001	1.26015314e+006	
1.41670513e+001	1.25691002e+006	
1.41879775e+001	1.25371300e+006	
1.42089037e+001	1.25014016e+006	
1.42298299e+001	1.24620604e+006	
1.42507561e+001	1.24402182e+006	
1.42716824e+001	1.24164022e+006	
1.42926086e+001	1.23884534e+006	
1.43135348e+001	1.23663434e+006	
1.43344610e+001	1.23453270e+006	
1.43553873e+001	1.23201199e+006	
1.43763135e+001	1.23077250e+006	
1.43972397e+001	1.22873434e+006	
1.44181659e+001	1.22711817e+006	
1.44390921e+001	1.22558150e+006	
1.44600184e+001	1.22488236e+006	
1.44809446e+001	1.22413326e+006	
1.45018708e+001	1.22263194e+006	
1.45227970e+001	1.22164143e+006	
1.45437232e+001	1.22099716e+006	
1.45646495e+001	1.22010407e+006	
1.45855757e+001	1.21977678e+006	
1.46065019e+001	1.22140307e+006	
1.46274281e+001	1.22422933e+006	
1.46483543e+001	1.21601889e+006	
1.46692806e+001	1.19674730e+006	
1.46902068e+001	1.06620616e+006	
1.47111330e+001	7.44184053e+005	
1.47320592e+001	4.78363696e+005	
1.47529854e+001	4.01376338e+005	
1.47739117e+001	3.24388979e+005	
1.47948379e+001	2.47401621e+005	
1.48157641e+001	1.95097307e+005	
1.48366903e+001	2.82618799e+005	
1.48576165e+001	3.70140291e+005	
1.48785428e+001	4.57661783e+005	
1.48994690e+001	5.45183275e+005	
1.49203952e+001	9.04088503e+005	
1.49413214e+001	1.12877934e+006	
1.49622476e+001	1.15582122e+006	
1.49831739e+001	1.16039775e+006	
1.50041001e+001	1.16079186e+006	
1.50250263e+001	1.15937024e+006	
1.50459525e+001	1.15952742e+006	
1.50668787e+001	1.15942643e+006	
1.50878050e+001	1.15979203e+006	
1.51087312e+001	1.16062061e+006	
1.51296574e+001	1.16200287e+006	
1.51505836e+001	1.16278562e+006	
1.51715098e+001	1.16290969e+006	
1.51924361e+001	1.16402287e+006	
1.52133623e+001	1.16674031e+006	
1.52342885e+001	1.16963199e+006	
1.52552147e+001	1.17224307e+006	
1.52761410e+001	1.17437026e+006	
1.52970672e+001	1.17810014e+006	
1.53179934e+001	1.18161822e+006	
1.53389196e+001	1.18438086e+006	
1.53598458e+001	1.18891496e+006	
1.53807721e+001	1.19185542e+006	
1.54016983e+001	1.19572089e+006	
1.54226245e+001	1.20252609e+006	
1.54435507e+001	1.20893531e+006	
1.54644769e+001	1.21534141e+006	
1.54854032e+001	1.23600851e+006	
1.55063294e+001	1.25809063e+006	
1.55272556e+001	1.26570022e+006	
1.55481818e+001	1.27049686e+006	
1.55691080e+001	1.27272952e+006	
1.55900343e+001	1.27408889e+006	
1.56109605e+001	1.27475797e+006	
1.56318867e+001	1.27507741e+006	
1.56528129e+001	1.27096505e+006	
1.56737391e+001	1.26367056e+006	
1.56946654e+001	1.26362857e+006	
1.57155916e+001	1.27081236e+006	
1.57365178e+001	1.27454686e+006	
1.57574440e+001	1.27347839e+006	
1.57783702e+001	1.27200205e+006	
1.57992965e+001	1.26971991e+006	
1.58202227e+001	1.26743484e+006	
1.58411489e+001	1.26514123e+006	
1.58620751e+001	1.26260318e+006	
1.58830013e+001	1.25663603e+006	
1.59039276e+001	1.25073446e+006	
1.59248538e+001	1.24549422e+006	
1.59457800e+001	1.24023823e+006	
1.59667062e+001	1.23311662e+006	
1.59876324e+001	1.22932256e+006	
1.60085587e+001	1.22530808e+006	
1.60294849e+001	1.22000083e+006	
1.60504111e+001	1.21618542e+006	
1.60713373e+001	1.21283143e+006	
1.60922636e+001	1.20894731e+006	
1.61131898e+001	1.20591291e+006	
1.61341160e+001	1.20232668e+006	
1.61550422e+001	1.19870392e+006	
1.61759684e+001	1.19540253e+006	
1.61968947e+001	1.19307436e+006	
1.62178209e+001	1.19130811e+006	
1.62387471e+001	1.18946087e+006	
1.62596733e+001	1.18803783e+006	
1.62805995e+001	1.18786722e+006	
1.63015258e+001	1.18729867e+006	
1.63224520e+001	1.18664878e+006	
1.63433782e+001	1.18764646e+006	
1.63643044e+001	1.18922493e+006	
1.63852306e+001	1.18878546e+006	
1.64061569e+001	1.18336098e+006	
1.64270831e+001	1.15623311e+006	
1.64480093e+001	9.35691375e+005	
1.64689355e+001	5.51160297e+005	
1.64898617e+001	4.64769694e+005	
1.65107880e+001	3.78379090e+005	
1.65317142e+001	2.91988486e+005	
1.65526404e+001	2.05597882e+005	
1.65735666e+001	2.83847459e+005	
1.65944928e+001	3.90178383e+005	
1.66154191e+001	4.96509307e+005	
1.66363453e+001	6.02840231e+005	
1.66572715e+001	8.45602692e+005	
1.66781977e+001	1.08173295e+006	
1.66991239e+001	1.16628961e+006	
1.67200502e+001	1.17765634e+006	
1.67409764e+001	1.18558417e+006	
1.67619026e+001	1.18945498e+006	
1.67828288e+001	1.19233973e+006	
1.68037550e+001	1.19354243e+006	
1.68246813e+001	1.19400251e+006	
1.68456075e+001	1.19438109e+006	
1.68665337e+001	1.19412275e+006	
1.68874599e+001	1.19306235e+006	
1.69083861e+001	1.19486231e+006	
1.69293124e+001	1.19692194e+006	
1.69502386e+001	1.19824307e+006	
1.69711648e+001	1.19939694e+006	
1.69920910e+001	1.20027148e+006	
1.70130173e+001	1.20055876e+006	
1.70339435e+001	1.20237436e+006	
1.70548697e+001	1.20497092e+006	
1.70757959e+001	1.20672051e+006	
1.70967221e+001	1.20916220e+006	
1.71176484e+001	1.21074674e+006	
1.71385746e+001	1.21458046e+006	
1.71595008e+001	1.21954258e+006	
1.71804270e+001	1.22245317e+006	
1.72013532e+001	1.22447644e+006	
1.72222795e+001	1.23487314e+006	
1.72432057e+001	1.25014667e+006	
1.72641319e+001	1.25869641e+006	
1.72850581e+001	1.26228999e+006	
1.73059843e+001	1.26459213e+006	
1.73269106e+001	1.26542720e+006	
1.73478368e+001	1.26590171e+006	
1.73687630e+001	1.26580270e+006	
1.73896892e+001	1.26400824e+006	
1.74106154e+001	1.25833818e+006	
1.74315417e+001	1.25640045e+006	
1.74524679e+001	1.26767769e+006	
1.74733941e+001	1.27744410e+006	
1.74943203e+001	1.27794537e+006	
1.75152465e+001	1.27819418e+006	
1.75361728e+001	1.27436793e+006	
1.75570990e+001	1.27054168e+006	
1.75780252e+001	1.26662296e+006	
1.75989514e+001	1.26270206e+006	
1.76198776e+001	1.25995395e+006	
1.76408039e+001	1.25690658e+006	
1.76617301e+001	1.25409286e+006	
1.76826563e+001	1.25133307e+006	
1.77035825e+001	1.24379308e+006	
1.77245087e+001	1.23596166e+006	
1.77454350e+001	1.23141207e+006	
1.77663612e+001	1.22691007e+006	
1.77872874e+001	1.22224988e+006	
1.78082136e+001	1.21941484e+006	
1.78291399e+001	1.21671537e+006	
1.78500661e+001	1.21361823e+006	
1.78709923e+001	1.21127157e+006	
1.78919185e+001	1.20851935e+006	
1.79128447e+001	1.20559884e+006	
1.79337710e+001	1.20353138e+006	
1.79546972e+001	1.20184791e+006	
1.79756234e+001	1.20002695e+006	
1.79965496e+001	1.19829718e+006	
1.80174758e+001	1.19821932e+006	
1.80384021e+001	1.19805907e+006	
1.80593283e+001	1.19691349e+006	
1.80802545e+001	1.19664428e+006	
1.81011807e+001	1.19658405e+006	
1.81221069e+001	1.19652526e+006	
1.81430332e+001	1.19807528e+006	
1.81639594e+001	1.20052307e+006	
1.81848856e+001	1.11516867e+006	
1.82058118e+001	7.79027970e+005	
1.82267380e+001	5.94147482e+005	
1.82476643e+001	4.81631309e+005	
1.82685905e+001	3.69115136e+005	
1.82895167e+001	2.56598963e+005	
1.83104429e+001	2.35678250e+005	
1.83313691e+001	2.78196181e+005	
1.83522954e+001	3.20714112e+005	
1.83732216e+001	3.63232043e+005	
1.83941478e+001	5.02381465e+005	
1.84150740e+001	7.81231037e+005	
1.84360002e+001	9.86517757e+005	
1.84569265e+001	1.02804663e+006	
1.84778527e+001	1.05874468e+006	
1.84987789e+001	1.05547394e+006	
1.85197051e+001	1.05259085e+006	
1.85406313e+001	1.05165227e+006	
1.85615576e+001	1.05135482e+006	
1.85824838e+001	1.05092991e+006	
1.86034100e+001	1.05050603e+006	
1.86243362e+001	1.05018679e+006	
1.86452624e+001	1.05000443e+006	
1.86661887e+001	1.05005402e+006	
1.86871149e+001	1.05014730e+006	
1.87080411e+001	1.05010463e+006	
1.87289673e+001	1.04958743e+006	
1.87498936e+001	1.04923992e+006	
1.87708198e+001	1.04971142e+006	
1.87917460e+001	1.05069035e+006	
1.88126722e+001	1.05138489e+006	
1.88335984e+001	1.05214959e+006	
1.88545247e+001	1.05324927e+006	
1.88754509e+001	1.05422958e+006	
1.88963771e+001	1.05532172e+006	
1.89173033e+001	1.05668670e+006	
1.89382295e+001	1.05799203e+006	
1.89591558e+001	1.06009807e+006	
1.89800820e+001	1.06366419e+006	
1.90010082e+001	1.06593423e+006	
1.90219344e+001	1.06599891e+006	
1.90428606e+001	1.06593884e+006	
1.90637869e+001	1.06534839e+006	
1.90847131e+001	1.06489726e+006	
1.91056393e+001	1.06559276e+006	
1.91265655e+001	1.06624638e+006	
1.91474917e+001	1.06537716e+006	
1.91684180e+001	1.06450794e+006	
1.91893442e+001	1.07380754e+006	
1.92102704e+001	1.08382382e+006	
1.92311966e+001	1.08723754e+006	
1.92521228e+001	1.08959738e+006	
1.92730491e+001	1.08774343e+006	
1.92939753e+001	1.08470520e+006	
1.93149015e+001	1.08134037e+006	
1.93358277e+001	1.07783457e+006	
1.93567539e+001	1.07527493e+006	
1.93776802e+001	1.07267332e+006	
1.93986064e+001	1.07065071e+006	
1.94195326e+001	1.06913199e+006	
1.94404588e+001	1.06564684e+006	
1.94613850e+001	1.05933015e+006	
1.94823113e+001	1.05327933e+006	
1.95032375e+001	1.04886221e+006	
1.95241637e+001	1.04456141e+006	
1.95450899e+001	1.04069946e+006	
1.95660162e+001	1.03840047e+006	
1.95869424e+001	1.03484869e+006	
1.96078686e+001	1.03135119e+006	
1.96287948e+001	1.02925159e+006	
1.96497210e+001	1.02603602e+006	
1.96706473e+001	1.02315159e+006	
1.96915735e+001	1.02116680e+006	
1.97124997e+001	1.01837270e+006	
1.97334259e+001	1.01692569e+006	
1.97543521e+001	1.01549487e+006	
1.97752784e+001	1.01405313e+006	
1.97962046e+001	1.01226203e+006	
1.98171308e+001	1.01174547e+006	
1.98380570e+001	1.01047218e+006	
1.98589832e+001	1.00872266e+006	
1.98799095e+001	1.00395857e+006	
1.99008357e+001	9.98241623e+005	
1.99217619e+001	9.78976702e+005	
1.99426881e+001	8.23245207e+005	
1.99636143e+001	5.68587293e+005	
1.99845406e+001	3.38208872e+005	
2.00054668e+001	1.77062235e+005	
2.00263930e+001	1.25329987e+005	
2.00473192e+001	8.92320787e+004	
2.00682454e+001	9.53172624e+004	
2.00891717e+001	1.01402446e+005	
2.01100979e+001	1.07487630e+005	
2.01310241e+001	1.20621866e+005	
2.01519503e+001	1.92002105e+005	
2.01728765e+001	4.02727581e+005	
2.01938028e+001	6.23604803e+005	
2.02147290e+001	8.44482025e+005	
2.02356552e+001	8.83064732e+005	
2.02565814e+001	9.18915595e+005	
2.02775076e+001	9.25342171e+005	
2.02984339e+001	9.30637033e+005	
2.03193601e+001	9.35062299e+005	
2.03402863e+001	9.39199793e+005	
2.03612125e+001	9.44884430e+005	
2.03821387e+001	9.50599231e+005	
2.04030650e+001	9.54693762e+005	
2.04239912e+001	9.58070274e+005	
2.04449174e+001	9.61588786e+005	
2.04658436e+001	9.64242853e+005	
2.04867699e+001	9.66299484e+005	
2.05076961e+001	9.68313601e+005	
2.05286223e+001	9.70083544e+005	
2.05495485e+001	9.72301498e+005	
2.05704747e+001	9.75055938e+005	
2.05914010e+001	9.77239225e+005	
2.06123272e+001	9.78842798e+005	
2.06332534e+001	9.80781836e+005	
2.06541796e+001	9.82591588e+005	
2.06751058e+001	9.84082143e+005	
2.06960321e+001	9.85577091e+005	
2.07169583e+001	9.87124796e+005	
2.07378845e+001	9.88672502e+005	
2.07588107e+001	9.89745293e+005	
2.07797369e+001	9.91230735e+005	
2.08006632e+001	9.92377147e+005	
2.08215894e+001	9.93490990e+005	
2.08425156e+001	9.91520776e+005	
2.08634418e+001	9.88921351e+005	
2.08843680e+001	9.91276676e+005	
2.09052943e+001	9.95296903e+005	
2.09262205e+001	1.01752492e+006	
2.09471467e+001	1.04952299e+006	
2.09680729e+001	1.07571655e+006	
2.09889991e+001	1.09778498e+006	
2.10099254e+001	1.11394701e+006	
2.10308516e+001	1.12426909e+006	
2.10517778e+001	1.12831011e+006	
2.10727040e+001	1.12370670e+006	
2.10936302e+001	1.11843945e+006	
2.11145565e+001	1.11104737e+006	
2.11354827e+001	1.10325405e+006	
2.11564089e+001	1.09430123e+006	
2.11773351e+001	1.08491790e+006	
2.11982613e+001	1.07378880e+006	
2.12191876e+001	1.06348323e+006	
2.12401138e+001	1.04381803e+006	
2.12610400e+001	1.03084098e+006	
2.12819662e+001	1.02882215e+006	
2.13028925e+001	1.02654374e+006	
2.13238187e+001	1.02408212e+006	
2.13447449e+001	1.02103346e+006	
2.13656711e+001	1.01505253e+006	
2.13865973e+001	1.01188349e+006	
2.14075236e+001	1.00979981e+006	
2.14284498e+001	1.01273387e+006	
2.14493760e+001	1.01740128e+006	
2.14703022e+001	1.02003701e+006	
2.14912284e+001	1.02008310e+006	
2.15121547e+001	1.01947096e+006	
2.15330809e+001	1.01255234e+006	
2.15540071e+001	1.00208509e+006	
2.15749333e+001	1.00019106e+006	
2.15958595e+001	1.00611736e+006	
2.16167858e+001	1.02356282e+006	
2.16377120e+001	1.06533290e+006	
2.16586382e+001	1.08126064e+006	
2.16795644e+001	9.86446822e+005	
2.17004906e+001	7.76902915e+005	
2.17214169e+001	6.69025455e+005	
2.17423431e+001	5.61147995e+005	
2.17632693e+001	4.53270535e+005	
2.17841955e+001	3.41858687e+005	
2.18051217e+001	2.66487123e+005	
2.18260480e+001	1.91115559e+005	
2.18469742e+001	1.48886735e+005	
2.18679004e+001	1.08557126e+005	
2.18888266e+001	9.36083891e+004	
2.19097528e+001	1.01262076e+005	
2.19306791e+001	1.13396383e+005	
2.19516053e+001	1.25664368e+005	
2.19725315e+001	1.35434219e+005	
2.19934577e+001	1.44270716e+005	
2.20143839e+001	1.56105833e+005	
2.20353102e+001	1.69478479e+005	
2.20562364e+001	1.80067805e+005	
2.20771626e+001	1.88448638e+005	
2.20980888e+001	1.98486384e+005	
2.21190150e+001	2.09995518e+005	
2.21399413e+001	2.19888247e+005	
2.21608675e+001	2.29052257e+005	
2.21817937e+001	2.39424233e+005	
2.22027199e+001	2.49030951e+005	
2.22236462e+001	2.57310726e+005	
2.22445724e+001	2.66291822e+005	
2.22654986e+001	2.72705175e+005	
2.22864248e+001	2.79526490e+005	
2.23073510e+001	2.86084942e+005	
2.23282773e+001	2.92605018e+005	
2.23492035e+001	3.00006007e+005	
2.23701297e+001	3.06975826e+005	
2.23910559e+001	3.17718129e+005	
2.24119821e+001	3.23098882e+005	
2.24329084e+001	3.27708342e+005	
2.24538346e+001	3.33264156e+005	
2.24747608e+001	3.39058847e+005	
2.24956870e+001	3.45319416e+005	
2.25166132e+001	3.52132781e+005	
2.25375395e+001	3.57993415e+005	
2.25584657e+001	3.63305875e+005	
2.25793919e+001	3.71975960e+005	
2.26003181e+001	3.83362556e+005	
2.26212443e+001	3.92170346e+005	
2.26421706e+001	3.98079792e+005	
2.26630968e+001	4.06001162e+005	
2.26840230e+001	4.17264074e+005	
2.27049492e+001	4.28676064e+005	
2.27258754e+001	4.40421828e+005	
2.27468017e+001	4.50627144e+005	
2.27677279e+001	4.55527893e+005	
2.27886541e+001	4.60724850e+005	
2.28095803e+001	4.67695810e+005	
2.28305065e+001	4.74559190e+005	
2.28514328e+001	4.78520202e+005	
2.28723590e+001	4.82481214e+005	
2.28932852e+001	4.86904027e+005	
2.29142114e+001	4.91336821e+005	
2.29351376e+001	4.98418109e+005	
2.29560639e+001	5.03897417e+005	
2.29769901e+001	5.09630314e+005	
2.29979163e+001	5.14836996e+005	
2.30188425e+001	5.20954028e+005	
2.30397688e+001	5.26395774e+005	
2.30606950e+001	5.31481639e+005	
2.30816212e+001	5.36959867e+005	
2.31025474e+001	5.42299549e+005	
2.31234736e+001	5.47773794e+005	
2.31443999e+001	5.52475731e+005	
2.31653261e+001	5.55054706e+005	
2.31862523e+001	5.56703033e+005	
2.32071785e+001	5.62694718e+005	
2.32281047e+001	5.74259902e+005	
2.32490310e+001	5.84381324e+005	
2.32699572e+001	5.96646090e+005	
2.32908834e+001	6.13554770e+005	
2.33118096e+001	6.20271544e+005	
2.33327358e+001	6.16965891e+005	
2.33536621e+001	6.15493676e+005	
2.33745883e+001	6.39905884e+005	
2.33955145e+001	6.64318091e+005	
2.34164407e+001	7.61469511e+005	
2.34373669e+001	5.55494647e+005	
2.34582932e+001	4.34826493e+005	
2.34792194e+001	3.23601233e+005	
2.35001456e+001	2.12375973e+005	
2.35210718e+001	1.01150713e+005	
2.35419980e+001	-2.25002785e+004	
2.35629243e+001	-1.42470541e+005	
2.35838505e+001	-2.93570291e+005	
2.36047767e+001	-4.60142273e+005	
2.36257029e+001	-6.49004259e+005	
2.36466291e+001	-7.05140993e+005	
2.36675554e+001	-6.43355684e+005	
2.36884816e+001	-5.87350383e+005	
2.37094078e+001	-5.55394747e+005	
2.37303340e+001	-5.54710083e+005	
2.37512602e+001	-5.57138101e+005	
2.37721865e+001	-5.64289893e+005	
2.37931127e+001	-5.66835562e+005	
2.38140389e+001	-5.64968429e+005	
2.38349651e+001	-5.61196198e+005	
2.38558913e+001	-5.48648945e+005	
2.38768176e+001	-5.37461741e+005	
2.38977438e+001	-5.29593800e+005	
2.39186700e+001	-5.20342035e+005	
2.39395962e+001	-5.13207699e+005	
2.39605225e+001	-5.04625133e+005	
2.39814487e+001	-4.96211116e+005	
2.40023749e+001	-4.89539774e+005	
2.40233011e+001	-4.81838032e+005	
2.40442273e+001	-4.75326826e+005	
2.40651536e+001	-4.68204520e+005	
2.40860798e+001	-4.61611863e+005	
2.41070060e+001	-4.55213700e+005	
2.41279322e+001	-4.47217467e+005	
2.41488584e+001	-4.39769410e+005	
2.41697847e+001	-4.33244262e+005	
2.41907109e+001	-4.27826463e+005	
2.42116371e+001	-4.23427324e+005	
2.42325633e+001	-4.18753551e+005	
2.42534895e+001	-4.14015766e+005	
2.42744158e+001	-4.08224102e+005	
2.42953420e+001	-4.00534083e+005	
2.43162682e+001	-3.92751156e+005	
2.43371944e+001	-3.84722801e+005	
2.43581206e+001	-3.76125894e+005	
2.43790469e+001	-3.65154336e+005	
2.43999731e+001	-3.55215248e+005	
2.44208993e+001	-3.52832426e+005	
2.44418255e+001	-3.50279972e+005	
2.44627517e+001	-3.42062269e+005	
2.44836780e+001	-3.33844567e+005	
2.45046042e+001	-3.25816126e+005	
2.45255304e+001	-3.17798632e+005	
2.45464566e+001	-3.12264515e+005	
2.45673828e+001	-3.07116824e+005	
2.45883091e+001	-2.99238168e+005	
2.46092353e+001	-2.90302691e+005	
2.46301615e+001	-2.84733666e+005	
2.46510877e+001	-2.80597888e+005	
2.46720139e+001	-2.74681832e+005	
2.46929402e+001	-2.64406726e+005	
2.47138664e+001	-2.53113669e+005	
2.47347926e+001	-2.43767696e+005	
2.47557188e+001	-2.35324466e+005	
2.47766451e+001	-2.27286780e+005	
2.47975713e+001	-2.19459986e+005	
2.48184975e+001	-2.11127039e+005	
2.48394237e+001	-2.02647273e+005	
2.48603499e+001	-1.92829070e+005	
2.48812762e+001	-1.84220107e+005	
2.49022024e+001	-1.75295042e+005	
2.49231286e+001	-1.66272228e+005	
2.49440548e+001	-1.57960109e+005	
2.49649810e+001	-1.45532843e+005	
2.49859073e+001	-1.36670392e+005	
2.50068335e+001	-1.27807940e+005	
2.50277597e+001	-1.13905036e+005	
2.50486859e+001	-1.07748013e+005	
2.50696121e+001	-1.00543332e+005	
2.50905384e+001	-9.31097115e+004	
2.51114646e+001	-7.72378827e+004	
2.51323908e+001	-5.90221172e+004	
2.51533170e+001	-3.64871836e+004	
2.51742432e+001	-6.21390906e+004	
2.51951695e+001	-1.16695095e+005	
2.52160957e+001	-1.74159918e+005	
2.52370219e+001	-2.31624741e+005	
2.52579481e+001	-2.89089564e+005	
2.52788743e+001	-3.80541564e+005	
2.52998006e+001	-4.98705421e+005	
2.53207268e+001	-6.16869278e+005	
2.53416530e+001	-7.35033135e+005	
2.53625792e+001	-9.06517674e+005	
2.53835054e+001	-1.12804001e+006	
2.54044317e+001	-1.14065828e+006	
2.54253579e+001	-1.09013232e+006	
2.54462841e+001	-1.04418634e+006	
2.54672103e+001	-1.01469842e+006	
2.54881365e+001	-9.85435551e+005	
2.55090628e+001	-9.60434859e+005	
2.55299890e+001	-9.75584556e+005	
2.55509152e+001	-9.82922898e+005	
2.55718414e+001	-9.90106342e+005	
2.55927676e+001	-9.89253523e+005	
2.56136939e+001	-9.88015563e+005	
2.56346201e+001	-9.87549606e+005	
2.56555463e+001	-9.86573069e+005	
2.56764725e+001	-9.86972039e+005	
2.56973988e+001	-9.88684945e+005	
2.57183250e+001	-9.90246042e+005	
2.57392512e+001	-9.91410245e+005	
2.57601774e+001	-9.93229222e+005	
2.57811036e+001	-9.99229578e+005	
2.58020299e+001	-1.00995103e+006	
2.58229561e+001	-1.01908425e+006	
2.58438823e+001	-1.02468528e+006	
2.58648085e+001	-1.02974112e+006	
2.58857347e+001	-1.03355952e+006	
2.59066610e+001	-1.03546618e+006	
2.59275872e+001	-1.04011662e+006	
2.59485134e+001	-1.05331119e+006	
2.59694396e+001	-1.06436347e+006	
2.59903658e+001	-1.06353805e+006	
2.60112921e+001	-1.06260762e+006	
2.60322183e+001	-1.06045969e+006	
2.60531445e+001	-1.05831176e+006	
2.60740707e+001	-1.05364834e+006	
2.60949969e+001	-1.04897782e+006	
2.61159232e+001	-1.02626194e+006	
2.61368494e+001	-1.00187603e+006	
2.61577756e+001	-9.88217900e+005	
2.61787018e+001	-9.76200730e+005	
2.61996280e+001	-9.71659986e+005	
2.62205543e+001	-9.69591528e+005	
2.62414805e+001	-9.67664089e+005	
2.62624067e+001	-9.65806299e+005	
2.62833329e+001	-9.63964181e+005	
2.63042591e+001	-9.62133038e+005	
2.63251854e+001	-9.60633637e+005	
2.63461116e+001	-9.58656540e+005	
2.63670378e+001	-9.56227635e+005	
2.63879640e+001	-9.53183689e+005	
2.64088902e+001	-9.49519109e+005	
2.64298165e+001	-9.45248527e+005	
2.64507427e+001	-9.41912519e+005	
2.64716689e+001	-9.37566654e+005	
2.64925951e+001	-9.34249210e+005	
2.65135214e+001	-9.31203202e+005	
2.65344476e+001	-9.27354435e+005	
2.65553738e+001	-9.24707648e+005	
2.65763000e+001	-9.21958752e+005	
2.65972262e+001	-9.18259271e+005	
2.66181525e+001	-9.15549697e+005	
2.66390787e+001	-9.10636314e+005	
2.66600049e+001	-9.04778993e+005	
2.66809311e+001	-9.00127280e+005	
2.67018573e+001	-8.93083248e+005	
2.67227836e+001	-8.87310513e+005	
2.67437098e+001	-8.82122879e+005	
2.67646360e+001	-8.74466906e+005	
2.67855622e+001	-8.65574818e+005	
2.68064884e+001	-8.59096630e+005	
2.68274147e+001	-8.54238857e+005	
2.68483409e+001	-8.15587766e+005	
2.68692671e+001	-7.46642413e+005	
2.68901933e+001	-5.57405253e+005	
2.69111195e+001	-2.76634024e+005	
2.69320458e+001	-1.51804009e+005	
2.69529720e+001	-1.40775204e+005	
2.69738982e+001	-1.29746400e+005	
2.69948244e+001	-1.18717596e+005	
2.70157506e+001	-1.34567420e+005	
2.70366769e+001	-2.42882590e+005	
2.70576031e+001	-3.51197761e+005	
2.70785293e+001	-4.59512931e+005	
2.70994555e+001	-5.75263660e+005	
2.71203817e+001	-9.25745516e+005	
2.71413080e+001	-9.79292006e+005	
2.71622342e+001	-9.83117849e+005	
2.71831604e+001	-9.84426683e+005	
2.72040866e+001	-9.86197065e+005	
2.72250128e+001	-9.87443015e+005	
2.72459391e+001	-9.88374244e+005	
2.72668653e+001	-9.88541788e+005	
2.72877915e+001	-9.89185373e+005	
2.73087177e+001	-9.90129064e+005	
2.73296439e+001	-9.91708749e+005	
2.73505702e+001	-9.93330160e+005	
2.73714964e+001	-9.94742903e+005	
2.73924226e+001	-9.96417125e+005	
2.74133488e+001	-9.99034148e+005	
2.74342751e+001	-1.00167589e+006	
2.74552013e+001	-1.00391989e+006	
2.74761275e+001	-1.00672873e+006	
2.74970537e+001	-1.01039524e+006	
2.75179799e+001	-1.01344223e+006	
2.75389062e+001	-1.01692316e+006	
2.75598324e+001	-1.02132806e+006	
2.75807586e+001	-1.02499186e+006	
2.76016848e+001	-1.03227632e+006	
2.76226110e+001	-1.04083965e+006	
2.76435373e+001	-1.04279726e+006	
2.76644635e+001	-1.04475488e+006	
2.76853897e+001	-1.04934054e+006	
2.77063159e+001	-1.05402073e+006	
2.77272421e+001	-1.05775625e+006	
2.77481684e+001	-1.06169181e+006	
2.77690946e+001	-1.06477157e+006	
2.77900208e+001	-1.06763933e+006	
2.78109470e+001	-1.06815961e+006	
2.78318732e+001	-1.06776428e+006	
2.78527995e+001	-1.06230336e+006	
2.78737257e+001	-1.05396345e+006	
2.78946519e+001	-1.05278775e+006	
2.79155781e+001	-1.05729630e+006	
2.79365043e+001	-1.05933378e+006	
2.79574306e+001	-1.05862358e+006	
2.79783568e+001	-1.05812559e+006	
2.79992830e+001	-1.05795723e+006	
2.80202092e+001	-1.05784153e+006	
2.80411354e+001	-1.05784309e+006	
2.80620617e+001	-1.05790174e+006	
2.80829879e+001	-1.05649585e+006	
2.81039141e+001	-1.05511950e+006	
2.81248403e+001	-1.05391648e+006	
2.81457665e+001	-1.05272047e+006	
2.81666928e+001	-1.05164206e+006	
2.81876190e+001	-1.05119630e+006	
2.82085452e+001	-1.05015153e+006	
2.82294714e+001	-1.04925285e+006	
2.82503977e+001	-1.04860077e+006	
2.82713239e+001	-1.04794625e+006	
2.82922501e+001	-1.04720065e+006	
2.83131763e+001	-1.04646597e+006	
2.83341025e+001	-1.04582611e+006	
2.83550288e+001	-1.04520912e+006	
2.83759550e+001	-1.04460731e+006	
2.83968812e+001	-1.04435746e+006	
2.84178074e+001	-1.04408511e+006	
2.84387336e+001	-1.04390086e+006	
2.84596599e+001	-1.04376150e+006	
2.84805861e+001	-1.04382229e+006	
2.85015123e+001	-1.04361474e+006	
2.85224385e+001	-1.04293490e+006	
2.85433647e+001	-1.04320500e+006	
2.85642910e+001	-1.04573272e+006	
2.85852172e+001	-1.04388304e+006	
2.86061434e+001	-1.03109009e+006	
2.86270696e+001	-9.82896260e+005	
2.86479958e+001	-7.40387392e+005	
2.86689221e+001	-4.33761133e+005	
2.86898483e+001	-3.72410822e+005	
2.87107745e+001	-3.11060511e+005	
2.87317007e+001	-2.49710200e+005	
2.87526269e+001	-1.88359889e+005	
2.87735532e+001	-2.66945932e+005	
2.87944794e+001	-3.58303383e+005	
2.88154056e+001	-4.49660834e+005	
2.88363318e+001	-5.41018285e+005	
2.88572580e+001	-8.33973674e+005	
2.88781843e+001	-1.09670211e+006	
2.88991105e+001	-1.17378929e+006	
2.89200367e+001	-1.17895187e+006	
2.89409629e+001	-1.18037229e+006	
2.89618891e+001	-1.17797915e+006	
2.89828154e+001	-1.17615690e+006	
2.90037416e+001	-1.17594090e+006	
2.90246678e+001	-1.17677452e+006	
2.90455940e+001	-1.17739831e+006	
2.90665202e+001	-1.17732038e+006	
2.90874465e+001	-1.17658230e+006	
2.91083727e+001	-1.17797050e+006	
2.91292989e+001	-1.17953401e+006	
2.91502251e+001	-1.18067456e+006	
2.91711514e+001	-1.18190822e+006	
2.91920776e+001	-1.18301604e+006	
2.92130038e+001	-1.18340594e+006	
2.92339300e+001	-1.18629807e+006	
2.92548562e+001	-1.18931579e+006	
2.92757825e+001	-1.19099649e+006	
2.92967087e+001	-1.19502237e+006	
2.93176349e+001	-1.19686091e+006	
2.93385611e+001	-1.19969670e+006	
2.93594873e+001	-1.20449263e+006	
2.93804136e+001	-1.20997296e+006	
2.94013398e+001	-1.21553700e+006	
2.94222660e+001	-1.23229731e+006	
2.94431922e+001	-1.25414655e+006	
2.94641184e+001	-1.26540285e+006	
2.94850447e+001	-1.26999938e+006	
2.95059709e+001	-1.27281950e+006	
2.95268971e+001	-1.27402408e+006	
2.95478233e+001	-1.27478515e+006	
2.95687495e+001	-1.27498534e+006	
2.95896758e+001	-1.27261928e+006	
2.96106020e+001	-1.26568814e+006	
2.96315282e+001	-1.26290792e+006	
2.96524544e+001	-1.27083101e+006	
2.96733806e+001	-1.27709718e+006	
2.96943069e+001	-1.27655571e+006	
2.97152331e+001	-1.27587012e+006	
2.97361593e+001	-1.27406345e+006	
2.97570855e+001	-1.27226123e+006	
2.97780117e+001	-1.27059391e+006	
2.97989380e+001	-1.26892658e+006	
2.98198642e+001	-1.26578848e+006	
2.98407904e+001	-1.26212024e+006	
2.98617166e+001	-1.25882780e+006	
2.98826428e+001	-1.25559251e+006	
2.99035691e+001	-1.25137029e+006	
2.99244953e+001	-1.24834327e+006	
2.99454215e+001	-1.24545170e+006	
2.99663477e+001	-1.24150068e+006	
2.99872740e+001	-1.23817402e+006	
3.00082002e+001	-1.23604452e+006	
3.00291264e+001	-1.23390730e+006	
3.00500526e+001	-1.23201604e+006	
3.00709788e+001	-1.23032876e+006	
3.00919051e+001	-1.22827622e+006	
3.01128313e+001	-1.22627298e+006	
3.01337575e+001	-1.22410640e+006	
3.01546837e+001	-1.22184993e+006	
3.01756099e+001	-1.22000981e+006	
3.01965362e+001	-1.21843861e+006	
3.02174624e+001	-1.21800373e+006	
3.02383886e+001	-1.21747818e+006	
3.02593148e+001	-1.21643783e+006	
3.02802410e+001	-1.21638172e+006	
3.03011673e+001	-1.21789517e+006	
3.03220935e+001	-1.21940863e+006	
3.03430197e+001	-1.20986783e+006	
3.03639459e+001	-1.20067041e+006	
3.03848721e+001	-9.71847932e+005	
3.04057984e+001	-6.22481772e+005	
3.04267246e+001	-4.80150091e+005	
3.04476508e+001	-3.92878953e+005	
3.04685770e+001	-3.05607815e+005	
3.04895032e+001	-2.18336676e+005	
3.05104295e+001	-2.31968023e+005	
3.05313557e+001	-2.99596566e+005	
3.05522819e+001	-3.67225110e+005	
3.05732081e+001	-4.34853653e+005	
3.05941343e+001	-6.24790238e+005	
3.06150606e+001	-9.38424248e+005	
3.06359868e+001	-1.12953947e+006	
3.06569130e+001	-1.15457235e+006	
3.06778392e+001	-1.17149639e+006	
3.06987654e+001	-1.16821800e+006	
3.07196917e+001	-1.16517043e+006	
3.07406179e+001	-1.16355685e+006	
3.07615441e+001	-1.16471731e+006	
3.07824703e+001	-1.16550884e+006	
3.08033965e+001	-1.16614888e+006	
3.08243228e+001	-1.16468724e+006	
3.08452490e+001	-1.16588919e+006	
3.08661752e+001	-1.16882954e+006	
3.08871014e+001	-1.17084535e+006	
3.09080277e+001	-1.17286203e+006	
3.09289539e+001	-1.17558454e+006	
3.09498801e+001	-1.17707973e+006	
3.09708063e+001	-1.17959642e+006	
3.09917325e+001	-1.18322865e+006	
3.10126588e+001	-1.18591621e+006	
3.10335850e+001	-1.18932267e+006	
3.10545112e+001	-1.19294841e+006	
3.10754374e+001	-1.19623377e+006	
3.10963636e+001	-1.20064878e+006	
3.11172899e+001	-1.20627956e+006	
3.11382161e+001	-1.21209114e+006	
3.11591423e+001	-1.22417563e+006	
3.11800685e+001	-1.24529707e+006	
3.12009947e+001	-1.26079924e+006	
3.12219210e+001	-1.26533984e+006	
3.12428472e+001	-1.26893037e+006	
3.12637734e+001	-1.26960776e+006	
3.12846996e+001	-1.27019579e+006	
3.13056258e+001	-1.27032737e+006	
3.13265521e+001	-1.26951040e+006	
3.13474783e+001	-1.25807458e+006	
3.13684045e+001	-1.24663887e+006	
